0.428935289383 6.562634637847
0.829846143723 5.798100402146
1.267096757889 5.735886583257
1.697632551193 5.733107762262
2.138969898224 5.742470862179
2.632379055023 5.756339652402
3.076954603195 5.758505781590
3.499941349030 5.760378108123
3.890674591064 5.760927289085
4.332505464554 5.760433252742
4.758906841278 5.760292387096
5.202120065689 5.760061060596
5.614936590195 5.759986795442
6.087641000748 5.759914436132
6.524025201797 5.759922848511
6.966078996658 5.759861927099
7.381935119629 5.759845396342
7.824079275131 5.759813554139
8.371789693832 5.759777149392
8.962820768356 5.759764224319
9.458440780640 5.759760959448
9.954740047455 5.759743571620
10.421612024307 5.759760389854
10.927001953125 5.759755284409
11.432824611664 5.759757375622
11.927793979645 5.759756619844
12.445520639420 5.759756269212
12.952115058899 5.759746349707
13.467025756836 5.759755202106
14.059195041656 5.759757369250
14.566495895386 5.759756561812
15.094082832336 5.759756853101
15.669897079468 5.759756903472
16.532701253891 5.759756937586
17.393323898315 5.759756961280
18.376061439514 5.759756937777
19.342509984970 5.759756950700
20.223780155182 5.759756972725
21.278332233429 5.759756981484
22.309559345245 5.759756984176
23.473704814911 5.759756986648
24.573009729385 5.759756986891
25.666749954224 5.759756986954
26.932420730591 5.759756986924
28.258893251419 5.759756987203
29.569790363312 5.759756987206
31.010293960571 5.759756987225
32.378491401672 5.759756987225
33.856113672256 5.759756987225
35.282905340195 5.759756987225
36.691061019897 5.759756987227
38.344661951065 5.759756987227
39.634315252304 5.759756987227
40.904771089554 5.759756987227
42.206640243530 5.759756987227
43.642158508301 5.759756987226
45.094939947128 5.759756987226
46.435961723328 5.759756987229
47.838443279266 5.759756987228
49.212998867035 5.759756987228
50.518750190735 5.759756987231
51.750025033951 5.759756987231
53.029770612717 5.759756987231
54.310428142548 5.759756987227
55.588423252106 5.759756987227
56.915856838226 5.759756987227
58.207801103592 5.759756987227
59.544846057892 5.759756987227
60.926592588425 5.759756987226
62.337318420410 5.759756987225
63.571940422058 5.759756987158
64.829792261124 5.759756987123
66.080457925797 5.759756987123
67.401985645294 5.759756987123
68.767425298691 5.759756987122
70.062183141708 5.759756987123
71.329074621201 5.759756987129
72.644672155380 5.759756987129
73.915800094604 5.759756987129
75.139874935150 5.759756987129
76.192475557327 5.759756987131
77.275614738464 5.759756987218
78.405596256256 5.759756987218
79.436861991882 5.759756987217
80.511570930481 5.759756987218
81.546623468399 5.759756987218
82.614129781723 5.759756987218
83.743757486343 5.759756987218
84.900062799454 5.759756987217
85.903938770294 5.759756987217
86.969876527786 5.759756987218
88.075557708740 5.759756987218
89.057655572891 5.759756987241
90.106675863266 5.759756987241
91.151862144470 5.759756987241
92.143722295761 5.759756987241
93.279159545898 5.759756987242
94.265920162201 5.759756987241
95.273512125015 5.759756987242
96.247650623322 5.759756987241
97.247784614563 5.759756987242
98.403648376465 5.759756987242
99.422800540924 5.759756987238
100.466279268265 5.759756987238
101.523171663284 5.759756987239
102.629431247711 5.759756987233
103.698151588440 5.759756987233
104.734323501587 5.759756987233
105.741563320160 5.759756987228
106.854759454727 5.759756987227
107.887132883072 5.759756987228
109.223246812820 5.759756987227
110.499156951904 5.759756987227
111.734712123871 5.759756987227
113.113100767136 5.759756987227
114.298396587372 5.759756987227
115.472378730774 5.759756987223
116.695869922638 5.759756987221
117.920137166977 5.759756987222
119.128556489944 5.759756987222
120.357270240784 5.759756987222
121.674280405045 5.759756987222
122.932493209839 5.759756987222
124.206592798233 5.759756987222
125.395019531250 5.759756987221
126.646818876266 5.759756987222
127.919765472412 5.759756987221
129.225190162659 5.759756987221
130.419703006744 5.759756987222
131.659518241882 5.759756987222
133.023509979248 5.759756987222
134.317459583282 5.759756987222
135.521456241608 5.759756987222
136.784644603729 5.759756987222
138.051636457443 5.759756987222
139.366900920868 5.759756987222
140.654106378555 5.759756987222
141.938370466232 5.759756987222
143.212747573853 5.759756987218
144.383408546448 5.759756987218
145.555401802063 5.759756987218
146.801419258118 5.759756987217
148.266769886017 5.759756987218
149.803543806076 5.759756987218
151.070841789246 5.759756987218
152.356842994690 5.759756987218
153.636961698532 5.759756987218
154.847948074341 5.759756987217
156.094117403030 5.759756987217
157.342450857162 5.759756987217
158.823692560196 5.759756987217
160.009120225906 5.759756987217
161.192970752716 5.759756987217
162.344437599182 5.759756987218
163.561212539673 5.759756987218
164.800345659256 5.759756987217
165.934956073761 5.759756987217
167.075517416000 5.759756987217
168.284278631210 5.759756987218
169.528623342514 5.759756987218
170.751614332199 5.759756987218
171.960294008255 5.759756987218
173.123646736145 5.759756987218
174.365699052811 5.759756987218
175.580647706985 5.759756987218
176.747913122177 5.759756987218
177.899231910706 5.759756987218
179.130759000778 5.759756987217
180.277329683304 5.759756987217
181.476392984390 5.759756987217
182.620469570160 5.759756987217
183.737425565720 5.759756987218
184.957734346390 5.759756987218
186.068019866943 5.759756987217
187.192877531052 5.759756987217
188.319007158279 5.759756987216
189.556172370911 5.759756987217
190.683341503143 5.759756987217
191.768527269363 5.759756987217
192.980358362198 5.759756987217
194.210314035416 5.759756987217
195.427170753479 5.759756987217
196.677018404007 5.759756987216
197.871337652206 5.759756987216
199.114466428757 5.759756987216
200.250870227814 5.759756987216
201.414688348770 5.759756987216
202.507907867432 5.759756987216
203.727227449417 5.759756987216
204.928165197372 5.759756987216
206.116576194763 5.759756987216
207.254891157150 5.759756987216
208.432254076004 5.759756987216
209.600030660629 5.759756987216
210.948616266251 5.759756987216
212.156813383102 5.759756987216
213.428826570511 5.759756987216
214.610703706741 5.759756987172
215.735159873962 5.759756987172
216.924609661102 5.759756987172
218.144588470459 5.759756987172
219.340900659561 5.759756987172
220.531045913696 5.759756987172
221.680655002594 5.759756987171
222.819515705109 5.759756987172
223.938493251801 5.759756987172
225.128088474274 5.759756987172
226.305326938629 5.759756987172
227.504543781281 5.759756987172
228.687949657440 5.759756987172
229.902821302414 5.759756987172
231.047946214676 5.759756987172
232.187098264694 5.759756987171
233.366396665573 5.759756987172
234.591406345367 5.759756987172
235.885819435120 5.759756987172
237.180009126663 5.759756987172
238.413369178772 5.759756987172
239.689088821411 5.759756987172
240.892526626587 5.759756987172
242.083720207214 5.759756987172
243.185323476791 5.759756987165
244.394342660904 5.759756987165
245.654039382935 5.759756987165
246.893652915955 5.759756987164
248.054455995560 5.759756987164
249.272598505020 5.759756987164
250.428061246872 5.759756987163
251.625637292862 5.759756987163
252.716093301773 5.759756987163
253.847980976105 5.759756987163
255.057921886444 5.759756987163
256.217138767242 5.759756987164
257.382288217545 5.759756987163
258.686392307281 5.759756987164
259.869933605194 5.759756987163
260.936865329742 5.759756987163
262.083110332489 5.759756987163
263.293581247330 5.759756987163
264.512854576111 5.759756987164
265.805566549301 5.759756987164
267.079038619995 5.759756987164
268.325404644012 5.759756987164
269.526171207428 5.759756987164
270.731571435928 5.759756987164
271.826381206512 5.759756987164
272.982974290848 5.759756987164
274.133241415024 5.759756987164
275.431040525436 5.759756987164
276.718806982040 5.759756987164
278.152329921722 5.759756987164
279.377351760864 5.759756987164
280.631522178650 5.759756987164
281.860422849655 5.759756987164
283.130981922150 5.759756987164
284.318570852280 5.759756987164
285.536006450653 5.759756987164
286.830117940903 5.759756987164
288.171601772308 5.759756987163
289.352111816406 5.759756987163
290.692716598511 5.759756987163
291.930981397629 5.759756987163
293.200173854828 5.759756987163
294.432970046997 5.759756987163
295.719151258469 5.759756987163
296.977066993713 5.759756987163
298.205125808716 5.759756987163
299.385475397110 5.759756987091
300.596491813660 5.759756987091
301.817321538925 5.759756987090
303.154110431671 5.759756987091
304.378985404968 5.759756987090
305.546646833420 5.759756987090
306.916981458664 5.759756987091
308.173040628433 5.759756987090
309.519452333450 5.759756987090
310.722112894058 5.759756987090
311.855067968369 5.759756987091
312.984135866165 5.759756987091
314.205534934998 5.759756987091
315.485600709915 5.759756987091
316.639750003815 5.759756987091
317.779897451401 5.759756987091
319.075765609741 5.759756987091
320.341469287872 5.759756987091
321.645101308823 5.759756987091
323.012976408005 5.759756987092
324.333770751953 5.759756987092
325.694980144501 5.759756987093
327.006649494171 5.759756987093
328.230761528015 5.759756987093
329.484298944473 5.759756987093
330.738745212555 5.759756987093
331.914001464844 5.759756987093
333.192992687225 5.759756987093
334.354693889618 5.759756987093
335.548901319504 5.759756987093
336.697133779526 5.759756987093
338.131028890610 5.759756987092
339.449940443039 5.759756987093
340.612712383270 5.759756987092
341.787520885468 5.759756987093
343.024849891663 5.759756987093
344.210788249969 5.759756987094
345.371710300446 5.759756987093
346.598648071289 5.759756987094
347.819619417191 5.759756987093
349.111574172974 5.759756987094
350.386055469513 5.759756987094
351.601773500443 5.759756987093
352.850129127502 5.759756987093
354.091517686844 5.759756987093
355.341521739960 5.759756987093
356.597784996033 5.759756987093
357.939309835434 5.759756987093
359.228314876556 5.759756987092
360.633185863495 5.759756987093
361.934852123260 5.759756987093
363.225556850433 5.759756987093
364.454304456711 5.759756987093
365.769923448563 5.759756987093
367.058796405792 5.759756987093
368.260607242584 5.759756987093
369.598879814148 5.759756987093
370.794704914093 5.759756987093
372.039665460587 5.759756987093
373.282565832138 5.759756987093
374.568395614624 5.759756987092
375.733057498932 5.759756987091
377.025157690048 5.759756987091
378.394113779068 5.759756987092
379.664934396744 5.759756987091
381.009577274323 5.759756987092
382.233211755753 5.759756987091
383.503092288971 5.759756987091
384.811349153519 5.759756987091
386.149068355560 5.759756987091
387.412835359573 5.759756987091
388.609595775604 5.759756987091
389.904133081436 5.759756987092
391.194329261780 5.759756987092
392.461004495621 5.759756987092
393.840301036835 5.759756987092
395.152523517609 5.759756987091
396.409391880035 5.759756987092
397.814898252487 5.759756987092
399.275768041611 5.759756987091
400.586265325546 5.759756987092
401.874454259872 5.759756987092
403.135727167130 5.759756987092
404.317156076431 5.759756987092
405.606093168259 5.759756987092
406.883859395981 5.759756987092
408.241461038589 5.759756987092
409.492791414261 5.759756987092
410.639884233475 5.759756987092
411.803977489471 5.759756987092
412.969308376312 5.759756987092
414.237754583359 5.759756987092
415.503513336182 5.759756987092
416.675248622894 5.759756987093
417.815238714218 5.759756987091
419.214699029922 5.759756987091
420.416750431061 5.759756987091
421.671353578568 5.759756987091
422.977802753448 5.759756987092
424.266647100449 5.759756987092
425.495826959610 5.759756987092
426.737515687943 5.759756987092
428.052753210068 5.759756987092
429.201995611191 5.759756987091
430.416862964630 5.759756987092
431.714600086212 5.759756987092
433.073337316513 5.759756987091
434.374172687531 5.759756987091
435.702802419662 5.759756987092
436.907907247543 5.759756987092
438.254034996033 5.759756987092
439.426707983017 5.759756987092
440.592555761337 5.759756987092
441.804465532303 5.759756987091
442.972051382065 5.759756987092
444.255720376968 5.759756987092
445.645841121674 5.759756987091
446.837830305099 5.759756987092
448.118852615356 5.759756987092
449.380728006363 5.759756987092
450.679956912994 5.759756987092
451.915760993958 5.759756987092
453.324566364288 5.759756987092
454.616965532303 5.759756987092
455.942762136459 5.759756987092
457.298809766769 5.759756987092
458.666278362274 5.759756987092
460.057112693787 5.759756987092
461.349306344986 5.759756987092
462.669332504272 5.759756987092
463.921322822571 5.759756987092
465.251188755035 5.759756987092
466.474316358566 5.759756987092
467.689182281494 5.759756987092
468.907766819000 5.759756987093
470.214512825012 5.759756987092
471.593493938446 5.759756987094
472.847512006760 5.759756987094
473.996278524399 5.759756987093
475.202994585037 5.759756987094
476.417146921158 5.759756987093
477.801460981369 5.759756987094
479.177695989609 5.759756987092
480.473372459412 5.759756987093
481.716669559479 5.759756987093
482.994585514069 5.759756987093
484.259484767914 5.759756987093
485.427137136459 5.759756987093
486.678956031799 5.759756987094
487.844097852707 5.759756987093
489.041887760162 5.759756987094
490.158887147903 5.759756987094
491.328671455383 5.759756987093
492.505905866623 5.759756987094
493.617005586624 5.759756987094
494.758392095566 5.759756987094
495.945650815964 5.759756987094
497.220127105713 5.759756987094
498.339757919312 5.759756987094
499.567924261093 5.759756987094
500.804785490036 5.759756987094
501.959174394608 5.759756987094
503.239805936813 5.759756987094
504.493823289871 5.759756987094
505.706864118576 5.759756987094
506.856181621552 5.759756987094
508.056900262833 5.759756987094
509.299319267273 5.759756987094
510.506364822388 5.759756987094
511.682628631592 5.759756987094
512.814364910126 5.759756987094
514.033183097839 5.759756987094
515.287782192230 5.759756987094
516.533135175705 5.759756987094
517.748977184296 5.759756987094
519.002588033676 5.759756987094
520.264353275299 5.759756987094
521.495977878571 5.759756987095
522.677640438080 5.759756987095
523.834403038025 5.759756987094
525.113890171051 5.759756987094
526.247095584869 5.759756987094
527.401974439621 5.759756987094
528.618810653687 5.759756987094
529.843712091446 5.759756987095
531.035403728485 5.759756987095
532.390952825546 5.759756987095
533.642849922180 5.759756987095
534.857078313828 5.759756987095
536.166416883469 5.759756987095
537.480876445770 5.759756987095
538.835323333740 5.759756987095
540.049564838409 5.759756987095
541.440525531769 5.759756987095
542.662096500397 5.759756987095
543.936028957367 5.759756987095
545.112080097198 5.759756987095
546.368791580200 5.759756987095
547.698559999466 5.759756987095
548.892309188843 5.759756987095
550.135064840317 5.759756987095
551.359289407730 5.759756987095
552.465885877609 5.759756987094
553.733434677124 5.759756987095
554.992219924927 5.759756987095
556.196773290634 5.759756987095
557.395915985107 5.759756987095
558.647933244705 5.759756987095
559.888555526733 5.759756987095
561.060950517654 5.759756987095
562.226138353348 5.759756987095
563.439369678497 5.759756987094
564.715022563934 5.759756987095
565.932558298111 5.759756987095
567.070809841156 5.759756987095
568.261002540588 5.759756987095
569.428074359894 5.759756987094
570.634427547455 5.759756987095
571.797531366348 5.759756987094
573.018701076508 5.759756987095
574.327847719193 5.759756987094
575.621800661087 5.759756987095
576.880934000015 5.759756987095
578.161897659302 5.759756987094
579.279005289078 5.759756987095
580.418803215027 5.759756987095
581.582736492157 5.759756987095
582.794998645782 5.759756987095
584.009019851685 5.759756987095
585.298587322235 5.759756987095
586.452900171280 5.759756987095
587.681927680969 5.759756987095
588.839848518372 5.759756987095
