0.521532773972 6.358925672066
1.037627220154 5.798660346011
1.569454669952 5.700420364660
2.092020034790 5.714772798791
2.617359399796 5.729395508643
3.127707481384 5.738795202477
3.686396598816 5.747704612727
4.242501735687 5.752882444025
4.771379470825 5.756153967857
5.291602134705 5.758122981378
5.800607442856 5.758795258701
6.353327989578 5.759285311087
6.873451948166 5.759464760833
7.400918245316 5.759604054411
7.963989734650 5.759660352212
8.480638265610 5.759702984196
9.049265623093 5.759734380914
9.579377412796 5.759736534165
10.109858036041 5.759739472559
10.628530502319 5.759742267900
11.152723073959 5.759742211534
11.696228504181 5.759741911533
12.175931692123 5.759741688814
12.574703454971 5.759741688813
12.973009586334 5.759741688814
13.371115446091 5.759741688814
13.769441127777 5.759741688814
14.167877197266 5.759741688814
14.564343690872 5.759741688814
14.961663246155 5.759741688814
15.358176231384 5.759741688814
15.755701780319 5.759741688814
16.153512954712 5.759741688814
16.555089712143 5.759741688813
16.952201604843 5.759741688814
17.347555160522 5.759741688814
17.744766473770 5.759741688814
18.144570589066 5.759741688813
18.543336629868 5.759741688814
18.942513704300 5.759741688814
19.341731786728 5.759741688813
19.738546371460 5.759741688813
20.135274887085 5.759741688813
20.531845808029 5.759741688813
20.928910255432 5.759741688814
21.325061559677 5.759741688814
21.722350120544 5.759741688814
22.118579626083 5.759741688814
22.512577533722 5.759741688813
22.908086061478 5.759741688814
23.311695337296 5.759741688814
23.708839654922 5.759741688813
24.103219985962 5.759741688813
24.499758481979 5.759741688813
24.896302700043 5.759741688814
25.298197269440 5.759741688813
25.699185132980 5.759741688814
26.094502210617 5.759741688813
26.492080450058 5.759741688814
26.887202739716 5.759741688813
27.282202482224 5.759741688814
27.677930831909 5.759741688813
28.076216697693 5.759741688813
28.477595090866 5.759741688813
28.882049322128 5.759741688813
29.286456823349 5.759741688813
29.689332723618 5.759741688813
30.089372158051 5.759741688813
30.489481210709 5.759741688814
30.886620998383 5.759741688814
31.282292366028 5.759741688813
31.674416780472 5.759741688813
32.067217350006 5.759741688814
32.463762760162 5.759741688814
32.857733249664 5.759741688813
33.259899616241 5.759741688814
33.656843662262 5.759741688814
34.052481651306 5.759741688813
34.450115680695 5.759741688813
34.845685958862 5.759741688813
35.243096351624 5.759741688813
35.639855861664 5.759741688814
36.035485267639 5.759741688814
36.431271791458 5.759741688813
36.828069925308 5.759741688814
37.225517511368 5.759741688813
37.619660854340 5.759741688814
38.015712261200 5.759741688814
38.409881830215 5.759741688814
38.804646253586 5.759741688813
39.201060533524 5.759741688814
39.596691846848 5.759741688814
39.992613315582 5.759741688814
40.387444257736 5.759741688813
40.782001495361 5.759741688814
41.176015377045 5.759741688814
41.570085525513 5.759741688814
41.961022615433 5.759741688814
42.353600978851 5.759741688813
42.747447252274 5.759741688814
43.141855955124 5.759741688813
43.538761138916 5.759741688814
43.939275503159 5.759741688813
44.335619449615 5.759741688814
44.728452682495 5.759741688814
45.122380018234 5.759741688813
45.517208337784 5.759741688813
45.922627925873 5.759741688814
46.316413879395 5.759741688813
46.711838483810 5.759741688813
47.106968879700 5.759741688813
47.501856327057 5.759741688814
47.897098302841 5.759741688814
48.292540550232 5.759741688813
48.697050094604 5.759741688814
49.102677345276 5.759741688814
49.507979631424 5.759741688813
49.908787012100 5.759741688813
50.307681083679 5.759741688813
50.705599308014 5.759741688813
51.101966619492 5.759741688813
51.498956918716 5.759741688814
51.896178960800 5.759741688813
52.291552782059 5.759741688813
52.688945531845 5.759741688813
53.085561752319 5.759741688814
53.483136177063 5.759741688814
53.880244493484 5.759741688814
54.278337717056 5.759741688814
54.673638343811 5.759741688813
55.067036151886 5.759741688813
55.463159799576 5.759741688814
55.857059717178 5.759741688814
56.247581243515 5.759741688814
56.639497756958 5.759741688813
57.030169963837 5.759741688814
57.421068429947 5.759741688814
57.814628362656 5.759741688814
58.212003469467 5.759741688813
58.605483055115 5.759741688814
58.999058723450 5.759741688814
59.393505334854 5.759741688814
59.786757469177 5.759741688814
60.180250167847 5.759741688814
60.576037168503 5.759741688814
60.972565650940 5.759741688813
61.365964889526 5.759741688814
61.759829759598 5.759741688814
62.153341770172 5.759741688813
62.548695802689 5.759741688813
62.942432403564 5.759741688813
63.336882114410 5.759741688814
63.731029272079 5.759741688813
64.128279685974 5.759741688814
64.525810718536 5.759741688813
64.920140504837 5.759741688813
65.314600467682 5.759741688814
65.708542346954 5.759741688814
66.100802421570 5.759741688814
66.492383003235 5.759741688813
66.883542776108 5.759741688814
67.280192375183 5.759741688813
67.676407575607 5.759741688813
68.072518348694 5.759741688814
68.467058658600 5.759741688814
68.873841047287 5.759741688814
69.280328750610 5.759741688814
69.683764219284 5.759741688814
70.082758903503 5.759741688814
70.480250358582 5.759741688814
70.875973701477 5.759741688814
71.273138284683 5.759741688813
71.671148300171 5.759741688813
72.067883491516 5.759741688813
72.466658592224 5.759741688813
72.862577915192 5.759741688814
73.258410692215 5.759741688814
73.651666641235 5.759741688814
74.045053720474 5.759741688814
74.442417383194 5.759741688813
74.839268445969 5.759741688813
75.233611822128 5.759741688814
75.628489494324 5.759741688814
76.025081872940 5.759741688814
76.421825647354 5.759741688814
76.818376064301 5.759741688814
77.216636180878 5.759741688814
77.614464282990 5.759741688814
78.012970685959 5.759741688814
78.408226251602 5.759741688814
78.805652856827 5.759741688813
79.204222917557 5.759741688814
79.601326227188 5.759741688813
79.999623298645 5.759741688814
80.394947290421 5.759741688814
80.788451194763 5.759741688813
81.183598041534 5.759741688814
81.579795837402 5.759741688813
81.974661350250 5.759741688813
82.366914749146 5.759741688814
82.760587215424 5.759741688814
83.154601335526 5.759741688814
83.546192169189 5.759741688814
83.938539028168 5.759741688814
84.334885835648 5.759741688814
84.732051849365 5.759741688814
85.127276182175 5.759741688814
85.522482156754 5.759741688814
85.917974710464 5.759741688814
86.315095901489 5.759741688813
86.713530063629 5.759741688814
87.110292911530 5.759741688814
87.508320331573 5.759741688814
87.907316446304 5.759741688814
88.303990125656 5.759741688814
88.707954168320 5.759741688814
89.099032163620 5.759741688813
89.492299556732 5.759741688814
89.887012720108 5.759741688814
90.282754421234 5.759741688814
90.678478956223 5.759741688814
91.080593347549 5.759741688814
91.479104042053 5.759741688814
91.877179861069 5.759741688814
92.276501655579 5.759741688813
92.675141572952 5.759741688813
93.076560020447 5.759741688813
93.476748228073 5.759741688814
93.874692916870 5.759741688814
94.271025419235 5.759741688814
94.665936470032 5.759741688814
95.059048891068 5.759741688814
95.453376054764 5.759741688814
95.849236011505 5.759741688814
96.249141693115 5.759741688814
96.649877309799 5.759741688813
97.047412157059 5.759741688814
97.443197011948 5.759741688813
97.840296745300 5.759741688813
98.239638328552 5.759741688813
98.636951446533 5.759741688814
99.033149003983 5.759741688813
99.429733514786 5.759741688814
99.825881958008 5.759741688813
100.224116563797 5.759741688814
100.621050596237 5.759741688814
101.018898248672 5.759741688813
101.414149761200 5.759741688814
101.812226295471 5.759741688814
102.211507081985 5.759741688814
102.610830545425 5.759741688814
103.011708259583 5.759741688813
103.412288427353 5.759741688814
103.810626506805 5.759741688814
104.210225343704 5.759741688813
104.609004497528 5.759741688814
105.008286476135 5.759741688814
105.405846118927 5.759741688814
105.804122209549 5.759741688813
106.203238964081 5.759741688813
106.600968837738 5.759741688813
106.997964382172 5.759741688814
107.393797636032 5.759741688813
107.792463541031 5.759741688813
108.192260026932 5.759741688814
108.591602802277 5.759741688814
108.999019861221 5.759741688814
109.404626131058 5.759741688814
109.806602478027 5.759741688813
110.203813552856 5.759741688814
110.600674867630 5.759741688813
110.998131990433 5.759741688813
111.395377635956 5.759741688813
111.792320489883 5.759741688814
112.191690444946 5.759741688814
112.590570926666 5.759741688813
112.988998413086 5.759741688814
113.387058734894 5.759741688813
113.784800291061 5.759741688814
114.179498434067 5.759741688813
114.574491977692 5.759741688814
114.969991445541 5.759741688814
115.366737842560 5.759741688813
115.763402700424 5.759741688813
116.160826683044 5.759741688813
116.557054519653 5.759741688814
116.954458713531 5.759741688813
117.350421428680 5.759741688813
117.747528076172 5.759741688814
118.145101785660 5.759741688814
118.539877891541 5.759741688813
118.935140371323 5.759741688814
119.331641197205 5.759741688813
119.728547334671 5.759741688813
120.127975940704 5.759741688814
120.533649444580 5.759741688814
120.939241409302 5.759741688813
121.342138767242 5.759741688814
121.741738319397 5.759741688814
122.140361070633 5.759741688814
122.539194583893 5.759741688814
122.938667297363 5.759741688813
123.337387561798 5.759741688813
123.735863447189 5.759741688814
124.134357213974 5.759741688813
124.534129381180 5.759741688813
124.933162450790 5.759741688814
125.332025527954 5.759741688814
125.731942415237 5.759741688814
126.131508588791 5.759741688813
126.531344175339 5.759741688814
126.930789232254 5.759741688813
127.330864191055 5.759741688813
127.730358362198 5.759741688813
128.132189035416 5.759741688814
128.532688379288 5.759741688814
128.939416170120 5.759741688814
129.346385240555 5.759741688813
129.752588272095 5.759741688814
130.152684211731 5.759741688813
130.553133010864 5.759741688813
130.953665733337 5.759741688814
131.354352235794 5.759741688814
131.755269050598 5.759741688813
132.152564525604 5.759741688813
132.553826093674 5.759741688814
132.954937696457 5.759741688813
133.355104207993 5.759741688814
133.755207538605 5.759741688814
134.154391288757 5.759741688813
134.553701162338 5.759741688814
134.952452421188 5.759741688814
135.351742267609 5.759741688814
135.750204563141 5.759741688814
136.149688720703 5.759741688814
136.548984289169 5.759741688814
136.950257301331 5.759741688814
137.349395036697 5.759741688814
137.748844385147 5.759741688814
138.149272203445 5.759741688814
138.547925472260 5.759741688814
138.947579860687 5.759741688814
139.343822002411 5.759741688814
139.739885330200 5.759741688813
140.135775804520 5.759741688814
140.535516023636 5.759741688814
140.935740232468 5.759741688814
141.336288213730 5.759741688814
141.736431598663 5.759741688814
142.136295318604 5.759741688814
142.535137414932 5.759741688814
142.933872699738 5.759741688814
143.331846237183 5.759741688813
143.728873491287 5.759741688814
144.127569913864 5.759741688813
144.527729034424 5.759741688814
144.926766395569 5.759741688813
145.325943231583 5.759741688814
145.725194215775 5.759741688814
146.123970508575 5.759741688814
146.522937774658 5.759741688814
146.921808242798 5.759741688813
147.320539474487 5.759741688814
147.719606161118 5.759741688814
148.119835138321 5.759741688814
148.517833471298 5.759741688814
148.922252416611 5.759741688814
149.328845262527 5.759741688814
149.742677211761 5.759741688814
150.143468618393 5.759741688814
150.540432691574 5.759741688813
150.938428401947 5.759741688814
151.336594104767 5.759741688813
151.734750509262 5.759741688814
152.131097555161 5.759741688814
152.525564193726 5.759741688814
152.922884702682 5.759741688814
153.328355312347 5.759741688814
153.729646682739 5.759741688814
154.129638195038 5.759741688813
154.530425548553 5.759741688814
154.930851697922 5.759741688814
155.329757690430 5.759741688814
155.728972673416 5.759741688814
156.127840995789 5.759741688814
156.525126695633 5.759741688814
156.923644304276 5.759741688814
157.323592424393 5.759741688814
157.722146749496 5.759741688814
158.121439456940 5.759741688814
158.519783258438 5.759741688814
158.915124416351 5.759741688814
159.313164234161 5.759741688814
159.711105585098 5.759741688814
160.108977079391 5.759741688814
160.506611585617 5.759741688814
160.905318260193 5.759741688813
161.305003881454 5.759741688814
161.703249692917 5.759741688814
162.100550413132 5.759741688814
162.497674942017 5.759741688814
162.896151304245 5.759741688814
163.293173074722 5.759741688814
163.690788269043 5.759741688814
164.088220357895 5.759741688814
164.487039089203 5.759741688814
164.885297298431 5.759741688814
165.283813953400 5.759741688814
165.681982517242 5.759741688814
166.081909894943 5.759741688814
166.480061769485 5.759741688814
166.878824949265 5.759741688814
167.277488946915 5.759741688814
167.676323652267 5.759741688814
168.074224710464 5.759741688814
168.471438407898 5.759741688814
168.873689174652 5.759741688814
169.278919458389 5.759741688814
169.683113098145 5.759741688813
170.082984209061 5.759741688814
170.481618165970 5.759741688814
170.880712032318 5.759741688814
171.278249502182 5.759741688814
171.677715063095 5.759741688814
172.077326059341 5.759741688814
172.474255800247 5.759741688814
172.870518207550 5.759741688814
173.269071340561 5.759741688813
173.666939496994 5.759741688814
174.064115047455 5.759741688814
174.462239503860 5.759741688814
174.858858823776 5.759741688814
175.257654905319 5.759741688814
175.656595945358 5.759741688814
176.055950641632 5.759741688814
176.454494476318 5.759741688814
176.852677345276 5.759741688814
177.250665664673 5.759741688814
177.649891376495 5.759741688814
178.050703763962 5.759741688813
178.449137449265 5.759741688814
178.847932100296 5.759741688814
179.247245550156 5.759741688814
179.647096872330 5.759741688814
180.044675588608 5.759741688814
180.442244529724 5.759741688814
180.840138673782 5.759741688814
181.238341569901 5.759741688814
181.635601758957 5.759741688813
182.034827232361 5.759741688814
182.431587934494 5.759741688813
182.829129219055 5.759741688814
183.227627754211 5.759741688813
183.625781297684 5.759741688813
184.023380279541 5.759741688814
184.424814939499 5.759741688814
184.822224140167 5.759741688814
185.218833684921 5.759741688814
185.614385843277 5.759741688814
186.010694265366 5.759741688814
186.407256364822 5.759741688814
186.801023721695 5.759741688814
187.196614503860 5.759741688813
187.590986251831 5.759741688814
187.991237640381 5.759741688814
188.390012979507 5.759741688814
188.792642831802 5.759741688813
189.199970245361 5.759741688814
189.606166362762 5.759741688814
190.008525371552 5.759741688814
190.402816534042 5.759741688814
190.798100471497 5.759741688814
191.192912817001 5.759741688814
191.588141441345 5.759741688814
191.984797716141 5.759741688814
192.381356477737 5.759741688814
192.774624586105 5.759741688814
193.169559478760 5.759741688814
193.565306425095 5.759741688814
193.961183547974 5.759741688814
194.356841325760 5.759741688814
194.754006862640 5.759741688813
195.151162147522 5.759741688814
195.545562744141 5.759741688813
195.941602230072 5.759741688814
196.335677623749 5.759741688814
196.729736804962 5.759741688814
197.124200820923 5.759741688813
197.518645763397 5.759741688814
197.915615558624 5.759741688814
198.310984134674 5.759741688814
198.704786539078 5.759741688814
199.100333452225 5.759741688814
199.496545553207 5.759741688814
199.890447854996 5.759741688813
200.284591674805 5.759741688813
200.679618835449 5.759741688814
201.077060937881 5.759741688814
201.473511457443 5.759741688814
201.869807720184 5.759741688814
202.268206596375 5.759741688813
202.666308403015 5.759741688814
203.064370632172 5.759741688814
203.459247112274 5.759741688813
203.857390165329 5.759741688814
204.254637718201 5.759741688814
204.651162624359 5.759741688814
205.048851251602 5.759741688813
205.444949865341 5.759741688813
205.842540740967 5.759741688814
206.237795591354 5.759741688814
206.634346723557 5.759741688814
207.030310869217 5.759741688814
207.425248622894 5.759741688814
207.819356679916 5.759741688814
208.217487812042 5.759741688813
208.612037658691 5.759741688814
209.011160135269 5.759741688813
209.414744138718 5.759741688814
209.818054914474 5.759741688814
210.215501546860 5.759741688814
210.610770463943 5.759741688813
211.009048700333 5.759741688814
211.404476881027 5.759741688814
211.798451900482 5.759741688814
212.193229198456 5.759741688813
212.588519573212 5.759741688813
212.996468782425 5.759741688814
213.396860361099 5.759741688814
213.792647600174 5.759741688814
214.188784599304 5.759741688814
214.584417819977 5.759741688814
214.984175682068 5.759741688814
215.380071163177 5.759741688814
215.776502370834 5.759741688814
216.172797679901 5.759741688814
216.568589925766 5.759741688813
216.965695619583 5.759741688814
217.359804868698 5.759741688814
217.754248380661 5.759741688813
218.152188539505 5.759741688813
218.548302650452 5.759741688814
218.943284511566 5.759741688813
219.338934421539 5.759741688814
219.735512256622 5.759741688813
220.132975578308 5.759741688814
220.527273654938 5.759741688813
220.923393487930 5.759741688814
221.317188739777 5.759741688814
221.711212635040 5.759741688813
222.104875802994 5.759741688813
222.500534772873 5.759741688814
222.895210504532 5.759741688814
223.292035579681 5.759741688814
223.686290979385 5.759741688813
224.080556154251 5.759741688814
224.475007057190 5.759741688814
224.872764587402 5.759741688814
225.268104076385 5.759741688814
225.663076162338 5.759741688814
226.059902667999 5.759741688813
226.454067707062 5.759741688814
226.850043058395 5.759741688814
227.244570493698 5.759741688814
227.638117313385 5.759741688814
228.034030914307 5.759741688814
228.427519798279 5.759741688814
228.824180364609 5.759741688814
229.224922180176 5.759741688814
229.620536327362 5.759741688814
230.017486333847 5.759741688814
230.414894580841 5.759741688814
230.809032440186 5.759741688814
231.204891443253 5.759741688814
231.599864006042 5.759741688814
231.994527101517 5.759741688814
232.387568712234 5.759741688814
232.780544042587 5.759741688814
233.174977779388 5.759741688813
233.569247484207 5.759741688813
233.963598251343 5.759741688814
234.356449604034 5.759741688814
234.750118017197 5.759741688813
235.145753145218 5.759741688813
235.539676427841 5.759741688813
235.934024810791 5.759741688814
236.327258586884 5.759741688814
236.722937345505 5.759741688813
237.115309715271 5.759741688814
237.506341457367 5.759741688813
237.900282382965 5.759741688814
238.293408393860 5.759741688814
238.687108755112 5.759741688814
239.078314542770 5.759741688814
239.469723701477 5.759741688814
239.864302873611 5.759741688814
240.257976293564 5.759741688813
240.652045488358 5.759741688814
241.048195123672 5.759741688814
241.441923141479 5.759741688814
241.835414409637 5.759741688814
242.229848146439 5.759741688814
242.624588489532 5.759741688814
243.017757892609 5.759741688814
243.410817623138 5.759741688814
243.803722858429 5.759741688814
244.199270009995 5.759741688814
244.593792915344 5.759741688814
244.988442182541 5.759741688814
245.382958412170 5.759741688814
245.778525114059 5.759741688814
246.174200773239 5.759741688814
246.567470788956 5.759741688814
246.962428092957 5.759741688814
247.356169700623 5.759741688814
247.754496335983 5.759741688813
248.149410009384 5.759741688814
248.543687105179 5.759741688814
248.939239740372 5.759741688814
249.358210802078 5.759741688814
249.782168626785 5.759741688813
250.185065746307 5.759741688814
250.582460403442 5.759741688813
250.982512712479 5.759741688814
251.379108190536 5.759741688814
251.775121927261 5.759741688814
252.171087503433 5.759741688814
252.565500974655 5.759741688814
252.960254669189 5.759741688814
253.355039834976 5.759741688814
253.749300479889 5.759741688814
254.141414403915 5.759741688814
254.535992622375 5.759741688813
254.933137178421 5.759741688814
255.331037759781 5.759741688814
255.726682901382 5.759741688814
256.121796369553 5.759741688814
256.515946626663 5.759741688814
256.908332824707 5.759741688814
257.306799411774 5.759741688814
257.703037023544 5.759741688814
258.101515531540 5.759741688814
258.496826410294 5.759741688814
258.892010688782 5.759741688814
259.287401914597 5.759741688814
259.682669639587 5.759741688814
260.079626798630 5.759741688814
260.475840568542 5.759741688814
260.872479915619 5.759741688814
261.268817186356 5.759741688814
261.665349721909 5.759741688814
262.063371181488 5.759741688814
262.458024978638 5.759741688814
262.857769489288 5.759741688814
263.259980916977 5.759741688814
263.660499811172 5.759741688814
264.063049554825 5.759741688814
264.463783025742 5.759741688814
264.865193367004 5.759741688814
265.262617826462 5.759741688814
265.658869981766 5.759741688814
266.056140661240 5.759741688814
266.451243638992 5.759741688814
266.846475362778 5.759741688814
267.242961883545 5.759741688814
267.638761758804 5.759741688814
268.037086009979 5.759741688814
268.430659770966 5.759741688814
268.824332237244 5.759741688814
269.226925373077 5.759741688814
269.629646778107 5.759741688814
270.033180236816 5.759741688814
270.427884340286 5.759741688814
270.822641611099 5.759741688814
271.219575881958 5.759741688814
271.615095138550 5.759741688814
272.011265039444 5.759741688814
272.406990289688 5.759741688814
272.801435470581 5.759741688814
273.206638813019 5.759741688814
273.602744102478 5.759741688814
273.998434066772 5.759741688814
274.393216133118 5.759741688814
274.794396162033 5.759741688814
275.189347982407 5.759741688814
275.584165811539 5.759741688814
275.980923652649 5.759741688814
276.377059221268 5.759741688814
276.772671461105 5.759741688814
277.168464899063 5.759741688814
277.564100503922 5.759741688814
277.962036609650 5.759741688814
278.358276844025 5.759741688814
278.754625797272 5.759741688814
279.151851892471 5.759741688813
279.547255516052 5.759741688814
279.944762229919 5.759741688814
280.340888023376 5.759741688814
280.737819910049 5.759741688814
281.135482311249 5.759741688814
281.530911207199 5.759741688814
281.926290512085 5.759741688814
282.323398113251 5.759741688814
282.719368934631 5.759741688814
283.115391969681 5.759741688814
283.510734796524 5.759741688814
283.906226158142 5.759741688814
284.302569866180 5.759741688814
284.698474645615 5.759741688814
285.095402717590 5.759741688814
285.492289066315 5.759741688814
285.889395713806 5.759741688814
286.286614656448 5.759741688814
286.682509899139 5.759741688814
287.078044891357 5.759741688814
287.473333358765 5.759741688814
287.868718624115 5.759741688814
288.266106128693 5.759741688814
288.663364171982 5.759741688814
289.065323591232 5.759741688814
289.462337255478 5.759741688814
289.858335256577 5.759741688814
290.253632783890 5.759741688814
290.649936199188 5.759741688814
291.046493530273 5.759741688814
291.443612813950 5.759741688814
291.840058803558 5.759741688814
292.237105846405 5.759741688814
292.634168386459 5.759741688814
293.032113790512 5.759741688814
293.430339097977 5.759741688814
293.826180696487 5.759741688814
294.221721649170 5.759741688814
294.616686582565 5.759741688814
295.013919115067 5.759741688814
295.409370660782 5.759741688814
295.805639743805 5.759741688814
296.201500177383 5.759741688814
296.597224950790 5.759741688814
296.994528770447 5.759741688814
297.390824317932 5.759741688814
297.787523269653 5.759741688814
298.185108423233 5.759741688814
298.580171346664 5.759741688814
298.974077224731 5.759741688814
299.369945049286 5.759741688814
299.768981695175 5.759741688814
300.166574716568 5.759741688814
300.564655542374 5.759741688814
300.962581872940 5.759741688814
301.359142541885 5.759741688814
301.755278825760 5.759741688814
302.152439832687 5.759741688814
302.549857616425 5.759741688814
302.948027610779 5.759741688814
303.345708847046 5.759741688814
303.743002891541 5.759741688814
304.141498565674 5.759741688814
304.538522243500 5.759741688814
304.935892820358 5.759741688814
305.333997488022 5.759741688814
305.732620239258 5.759741688814
306.129698753357 5.759741688814
306.525988101959 5.759741688814
306.922509193420 5.759741688814
307.319836616516 5.759741688814
307.716306686401 5.759741688814
308.116957664490 5.759741688814
308.515527009964 5.759741688814
308.912948608398 5.759741688814
309.316967487335 5.759741688814
309.724683284760 5.759741688814
310.136223077774 5.759741688814
310.532691955566 5.759741688814
310.931716680527 5.759741688814
311.328539133072 5.759741688814
311.723750114441 5.759741688814
312.119690895081 5.759741688814
312.516200065613 5.759741688814
312.913462162018 5.759741688814
313.309945821762 5.759741688814
313.704726457596 5.759741688814
314.099681854248 5.759741688814
314.494093418121 5.759741688814
314.888351917267 5.759741688814
315.285474538803 5.759741688814
315.680820941925 5.759741688814
316.075165510178 5.759741688814
316.469700813293 5.759741688814
316.864848613739 5.759741688814
317.259195089340 5.759741688814
317.652079343796 5.759741688814
318.052103519440 5.759741688814
318.447019100189 5.759741688814
318.842057943344 5.759741688814
319.238637447357 5.759741688814
319.632915019989 5.759741688814
320.028251409531 5.759741688814
320.422324180603 5.759741688814
320.820189714432 5.759741688814
321.215093612671 5.759741688813
321.608900547028 5.759741688814
322.004088878632 5.759741688814
322.400899171829 5.759741688814
322.798540115356 5.759741688814
323.194413900375 5.759741688814
323.592240571976 5.759741688814
323.988662004471 5.759741688814
324.385095357895 5.759741688814
324.780097007751 5.759741688814
325.175930261612 5.759741688814
325.572561740875 5.759741688814
325.970319986343 5.759741688814
326.366414070129 5.759741688814
326.764384269714 5.759741688814
327.161362648010 5.759741688814
327.558631420135 5.759741688814
327.956830263138 5.759741688813
328.354039430618 5.759741688814
328.748705148697 5.759741688814
329.145224571228 5.759741688814
329.543741464615 5.759741688814
329.942983627319 5.759741688814
330.340438365936 5.759741688814
330.737833261490 5.759741688814
331.134363889694 5.759741688814
331.530919551849 5.759741688814
331.927663564682 5.759741688814
332.322571277618 5.759741688814
332.718377828598 5.759741688814
333.119157552719 5.759741688814
333.515267848969 5.759741688814
333.913407802582 5.759741688814
334.313308715820 5.759741688814
334.711334466934 5.759741688814
335.107187509537 5.759741688814
335.500998020172 5.759741688814
335.895950078964 5.759741688814
336.292802810669 5.759741688814
336.689966678619 5.759741688814
337.087430953979 5.759741688814
337.483839511871 5.759741688814
337.879203081131 5.759741688814
338.277009010315 5.759741688814
338.673162937164 5.759741688813
339.067998170853 5.759741688814
339.464061260223 5.759741688813
339.859546184540 5.759741688814
340.257119417191 5.759741688814
340.653796672821 5.759741688814
341.050817251205 5.759741688814
341.446153879166 5.759741688814
341.842733621597 5.759741688814
342.238215923309 5.759741688814
342.635483980179 5.759741688814
343.030160665512 5.759741688814
343.423041820526 5.759741688814
343.815163135529 5.759741688814
344.208570003510 5.759741688814
344.601392507553 5.759741688814
344.995098114014 5.759741688814
345.389363527298 5.759741688814
345.784027576447 5.759741688813
346.177115678787 5.759741688814
346.571389913559 5.759741688814
346.965539216995 5.759741688814
347.363106250763 5.759741688814
347.757736921310 5.759741688814
348.152586698532 5.759741688814
348.545225143433 5.759741688814
348.939129590988 5.759741688813
349.338733434677 5.759741688814
349.743622064590 5.759741688814
350.147891998291 5.759741688814
350.545658111572 5.759741688814
350.937979221344 5.759741688814
351.331152200699 5.759741688814
351.723312616348 5.759741688814
352.117509365082 5.759741688814
352.511382818222 5.759741688814
352.909428358078 5.759741688814
353.306709289551 5.759741688814
353.700402736664 5.759741688814
354.095544815063 5.759741688814
354.490764856339 5.759741688814
354.886208772659 5.759741688814
355.285813570023 5.759741688814
355.683423042297 5.759741688814
356.080248355865 5.759741688814
356.475260734558 5.759741688814
356.872362852097 5.759741688814
357.271951913834 5.759741688814
357.667668104172 5.759741688814
358.066829204559 5.759741688814
358.462336778641 5.759741688814
358.859596490860 5.759741688814
359.255159139633 5.759741688814
359.652065038681 5.759741688814
360.050711154938 5.759741688814
360.447028398514 5.759741688814
360.843739748001 5.759741688814
361.240821838379 5.759741688814
361.637413740158 5.759741688814
362.034935474396 5.759741688814
362.429154872894 5.759741688814
362.825166940689 5.759741688814
363.221473932266 5.759741688814
363.616360425949 5.759741688814
364.011945009232 5.759741688814
364.409024000168 5.759741688814
364.806719064713 5.759741688814
365.204056501389 5.759741688814
365.600969552994 5.759741688814
365.996190786362 5.759741688814
366.390979766846 5.759741688814
366.788017988205 5.759741688814
367.185222864151 5.759741688814
367.580924987793 5.759741688814
367.980579853058 5.759741688814
368.378925323486 5.759741688814
368.776765108109 5.759741688814
369.174901485443 5.759741688814
369.581132411957 5.759741688814
369.987784147263 5.759741688814
370.390823602676 5.759741688814
370.786823272705 5.759741688814
371.182636260986 5.759741688814
371.580599546432 5.759741688814
371.977676153183 5.759741688814
372.373365640640 5.759741688814
372.768287658691 5.759741688814
373.162990093231 5.759741688814
373.557387351990 5.759741688814
373.951497793198 5.759741688814
374.346572160721 5.759741688814
374.742065906525 5.759741688814
375.137895107269 5.759741688814
375.530534267426 5.759741688814
375.925624847412 5.759741688814
376.321844816208 5.759741688814
376.718479633331 5.759741688814
377.115665912628 5.759741688814
377.512820959091 5.759741688814
377.917865514755 5.759741688814
378.314552307129 5.759741688814
378.711000680923 5.759741688814
379.109239101410 5.759741688814
379.506932258606 5.759741688814
379.903647184372 5.759741688814
380.301278829575 5.759741688814
380.698162317276 5.759741688814
381.096066236496 5.759741688814
381.493969678879 5.759741688814
381.891226291656 5.759741688814
382.288543701172 5.759741688814
382.683911085129 5.759741688814
383.079966545105 5.759741688814
383.475107908249 5.759741688814
383.871595859528 5.759741688814
384.267917156219 5.759741688814
384.665635824203 5.759741688814
385.062767982483 5.759741688814
385.460440874100 5.759741688814
385.857854127884 5.759741688814
386.256948471069 5.759741688814
386.655293464661 5.759741688814
387.053508281708 5.759741688814
387.452929735184 5.759741688814
387.849887371063 5.759741688814
388.249825477600 5.759741688814
388.648093938828 5.759741688814
389.048128366470 5.759741688814
389.449701547623 5.759741688814
389.854531526566 5.759741688814
390.259308815002 5.759741688814
390.658249855042 5.759741688814
391.054043531418 5.759741688814
391.446874856949 5.759741688814
391.840014219284 5.759741688814
392.233864784241 5.759741688814
392.627775430679 5.759741688814
393.024832963943 5.759741688814
393.426903247833 5.759741688814
393.821835517883 5.759741688813
394.217242479324 5.759741688814
394.611378431320 5.759741688814
395.008597850800 5.759741688813
395.404416799545 5.759741688814
395.798468351364 5.759741688814
396.195918560028 5.759741688814
396.592028617859 5.759741688813
396.988966941833 5.759741688814
397.383769750595 5.759741688814
397.776246547699 5.759741688814
398.171156406403 5.759741688814
398.564844846725 5.759741688814
398.961263895035 5.759741688814
399.359646320343 5.759741688813
399.757116556168 5.759741688814
400.151271104813 5.759741688814
