0.541676998138 6.169136260358
1.105934381485 5.714707194594
1.654400348663 5.727808031237
2.212960243225 5.738498181056
2.747230529785 5.745687843571
3.309367895126 5.751457827723
3.828132152557 5.754419002578
4.366471290588 5.756541369786
4.898170232773 5.757971066009
5.451266527176 5.758981451525
5.980259656906 5.759311765628
6.500216484070 5.759547359599
7.029295444489 5.759646594055
7.582620859146 5.759692261508
8.105795860291 5.759725969271
8.621122121811 5.759737726458
9.130780935287 5.759741649582
9.678615570068 5.759741384249
10.203556299210 5.759742652761
10.753005504608 5.759743411074
11.276584386826 5.759743768970
11.765773296356 5.759743683795
12.160133361816 5.759743683795
12.550941467285 5.759743683796
12.941922903061 5.759743683795
13.334984302521 5.759743683795
13.729873895645 5.759743683795
14.125378131866 5.759743683796
14.513021230698 5.759743683795
14.897218465805 5.759743683796
15.285593271255 5.759743683796
15.680404186249 5.759743683795
16.074730873108 5.759743683795
16.466492176056 5.759743683795
16.857071638107 5.759743683795
17.247909545898 5.759743683796
17.635922908783 5.759743683796
18.024352073669 5.759743683795
18.414686679840 5.759743683795
18.802347183228 5.759743683795
19.191728830338 5.759743683796
19.584900140762 5.759743683795
19.976583719254 5.759743683796
20.372013092041 5.759743683795
20.767307043076 5.759743683795
21.160075426102 5.759743683795
21.551410913467 5.759743683795
21.962237119675 5.759743683795
22.360713243484 5.759743683795
22.757975101471 5.759743683796
23.145355701447 5.759743683795
23.537361621857 5.759743683795
23.929137706757 5.759743683796
24.320025444031 5.759743683796
24.712147474289 5.759743683795
25.101670503616 5.759743683795
25.491044521332 5.759743683795
25.879339933395 5.759743683795
26.268647909164 5.759743683795
26.656028747559 5.759743683795
27.042109966278 5.759743683796
27.429090023041 5.759743683795
27.816001892090 5.759743683795
28.203271150589 5.759743683795
28.588824272156 5.759743683795
28.978708505630 5.759743683795
29.370155096054 5.759743683795
29.756659269333 5.759743683795
30.154366016388 5.759743683795
30.551395177841 5.759743683795
30.940633535385 5.759743683795
31.347331523895 5.759743683795
31.738228321075 5.759743683795
32.127089262009 5.759743683795
32.519815921783 5.759743683795
32.911113739014 5.759743683795
33.302476644516 5.759743683795
33.692374467850 5.759743683795
34.087900876999 5.759743683796
34.483757495880 5.759743683795
34.876089811325 5.759743683795
35.270506620407 5.759743683795
35.663056135178 5.759743683795
36.058819055557 5.759743683795
36.456792354584 5.759743683795
36.858026504517 5.759743683795
37.256813526154 5.759743683795
37.650352954865 5.759743683795
38.062399387360 5.759743683795
38.460911273956 5.759743683795
38.852982282639 5.759743683796
39.302649974823 5.759743683796
39.736929893494 5.759743683795
40.141201019287 5.759743683795
40.528979778290 5.759743683795
40.918097496033 5.759743683795
41.309741735458 5.759743683795
41.699177265167 5.759743683795
42.088139533997 5.759743683795
42.515570640564 5.759743683795
42.952031612396 5.759743683795
43.362867832184 5.759743683795
43.768597602844 5.759743683795
44.177107810974 5.759743683795
44.581616401672 5.759743683795
44.986683130264 5.759743683795
45.390110969543 5.759743683795
45.793233156204 5.759743683796
46.197782516479 5.759743683795
46.601498126984 5.759743683795
47.005990743637 5.759743683795
47.409788131714 5.759743683795
47.813235998154 5.759743683795
48.216896772385 5.759743683795
48.620463609695 5.759743683796
49.023824453354 5.759743683795
49.428624868393 5.759743683795
49.833683252335 5.759743683795
50.237101554871 5.759743683795
50.641358852386 5.759743683795
51.044681072235 5.759743683795
51.450029134750 5.759743683795
51.853819370270 5.759743683795
52.257571935654 5.759743683795
52.660373210907 5.759743683795
53.063990354538 5.759743683795
53.467010259628 5.759743683796
53.869935274124 5.759743683795
54.272075176239 5.759743683795
54.674086809158 5.759743683795
55.076199293137 5.759743683795
55.478695869446 5.759743683795
55.880945682526 5.759743683796
56.283607482910 5.759743683796
56.688017606735 5.759743683795
57.091499567032 5.759743683796
57.494064807892 5.759743683795
57.897807836533 5.759743683796
58.301914215088 5.759743683795
58.704520702362 5.759743683795
59.108302116394 5.759743683795
59.511241674423 5.759743683795
59.915209531784 5.759743683795
60.318547010422 5.759743683796
60.721368551254 5.759743683795
61.126224040985 5.759743683795
61.529630184174 5.759743683795
61.933356761932 5.759743683795
62.335680484772 5.759743683795
62.737390279770 5.759743683795
63.139863491058 5.759743683795
63.543257236481 5.759743683795
63.947701454163 5.759743683795
64.351403951645 5.759743683795
64.755408287048 5.759743683795
65.158432483673 5.759743683796
65.563714504242 5.759743683795
65.967863082886 5.759743683795
66.370707511902 5.759743683795
66.775931119919 5.759743683795
67.179995059967 5.759743683795
67.581261873245 5.759743683795
67.982966423035 5.759743683795
68.386185407639 5.759743683795
68.788691520691 5.759743683795
69.190505743027 5.759743683796
69.593113183975 5.759743683795
69.996239662170 5.759743683795
70.400458812714 5.759743683795
70.803900241852 5.759743683795
71.208259582520 5.759743683795
71.612610816956 5.759743683795
72.015943288803 5.759743683795
72.420154809952 5.759743683795
72.824283361435 5.759743683795
73.226960897446 5.759743683795
73.630767107010 5.759743683795
74.035530567169 5.759743683795
74.440320968628 5.759743683795
74.844053268433 5.759743683795
75.247480630875 5.759743683795
75.651462554932 5.759743683795
76.055343389511 5.759743683795
76.458520650864 5.759743683795
76.862219095230 5.759743683795
77.265805244446 5.759743683795
77.669734716415 5.759743683795
78.072649002075 5.759743683795
78.476330518723 5.759743683795
78.880497932434 5.759743683795
79.283495903015 5.759743683795
79.684731721878 5.759743683795
80.086945533752 5.759743683795
80.490108728409 5.759743683795
80.891871213913 5.759743683795
81.294126749039 5.759743683795
81.697308540344 5.759743683795
82.099851608276 5.759743683795
82.502937555313 5.759743683795
82.905820846558 5.759743683795
83.305869102478 5.759743683795
83.699262380600 5.759743683795
84.092015981674 5.759743683795
84.485399723053 5.759743683795
84.877815246582 5.759743683795
85.270877361298 5.759743683795
85.662920713425 5.759743683795
86.056964159012 5.759743683795
86.449371099472 5.759743683795
86.842279672623 5.759743683795
87.235187292099 5.759743683795
87.628965616226 5.759743683795
88.022036075592 5.759743683795
88.414967775345 5.759743683795
88.807799100876 5.759743683795
89.210813760757 5.759743683795
89.624149799347 5.759743683795
90.036497831345 5.759743683795
90.429321050644 5.759743683795
90.821964502335 5.759743683795
91.215072631836 5.759743683795
91.608757257462 5.759743683795
92.002622127533 5.759743683795
92.395641803741 5.759743683795
92.787966489792 5.759743683795
93.180582761765 5.759743683795
93.573324441910 5.759743683795
93.966360807419 5.759743683795
94.360314369202 5.759743683795
94.754230737686 5.759743683795
95.149096965790 5.759743683795
95.556056499481 5.759743683795
95.960685014725 5.759743683795
96.364783525467 5.759743683795
96.768565654755 5.759743683795
97.172982454300 5.759743683795
97.576999664307 5.759743683795
97.981949806213 5.759743683795
98.390945911407 5.759743683795
98.795002937317 5.759743683795
99.201173543930 5.759743683795
99.605376482010 5.759743683795
100.008871793747 5.759743683796
100.414145231247 5.759743683795
100.819012403488 5.759743683795
101.222993612289 5.759743683795
101.628596305847 5.759743683795
102.034284591675 5.759743683795
102.438112020493 5.759743683795
102.842398881912 5.759743683795
103.246512889862 5.759743683795
103.651058673859 5.759743683795
104.055732965469 5.759743683795
104.459930181503 5.759743683795
104.864613294601 5.759743683795
105.268169879913 5.759743683795
105.672145128250 5.759743683795
106.076626539230 5.759743683795
106.481558799744 5.759743683795
106.887076139450 5.759743683796
107.291027069092 5.759743683795
107.695436239243 5.759743683796
108.101101636887 5.759743683795
108.505613565445 5.759743683796
108.909932374954 5.759743683795
109.315135240555 5.759743683796
109.719760656357 5.759743683795
110.123499631882 5.759743683795
110.527218103409 5.759743683795
110.932948589325 5.759743683795
111.337599754333 5.759743683795
111.741676568985 5.759743683795
112.144649505615 5.759743683795
112.549464225769 5.759743683795
112.954069852829 5.759743683795
113.358443975449 5.759743683795
113.763013601303 5.759743683795
114.167247772217 5.759743683795
114.572027206421 5.759743683795
114.976140260696 5.759743683795
115.380733489990 5.759743683795
115.786670923233 5.759743683795
116.190996646881 5.759743683795
116.595161676407 5.759743683795
116.999971389771 5.759743683795
117.404888629913 5.759743683795
117.809645414352 5.759743683795
118.213740110397 5.759743683795
118.618075609207 5.759743683795
119.023355722427 5.759743683795
119.427265882492 5.759743683795
119.832496643066 5.759743683795
120.236782073975 5.759743683795
120.641108751297 5.759743683796
121.045637607574 5.759743683795
121.450729846954 5.759743683795
121.854874849319 5.759743683795
122.258542776108 5.759743683795
122.662621736526 5.759743683795
123.067407131195 5.759743683795
123.471675872803 5.759743683795
123.875641584396 5.759743683795
124.281782865524 5.759743683795
124.685702562332 5.759743683795
125.089913606644 5.759743683795
125.493539810181 5.759743683795
125.898306846619 5.759743683795
126.302052974701 5.759743683795
126.706612348557 5.759743683795
127.111185073853 5.759743683795
127.515318393707 5.759743683795
127.919296741486 5.759743683795
128.323990345001 5.759743683795
128.728495597839 5.759743683795
129.132327318192 5.759743683795
129.536977529526 5.759743683795
129.941945552826 5.759743683795
130.345931529999 5.759743683795
130.749883890152 5.759743683795
131.154390573502 5.759743683795
131.559491634369 5.759743683796
131.963753700256 5.759743683795
132.368590354919 5.759743683795
132.774095296860 5.759743683795
133.180860996246 5.759743683795
133.586615562439 5.759743683795
133.992000818253 5.759743683795
134.396568775177 5.759743683795
134.800418615341 5.759743683795
135.204347372055 5.759743683795
135.607902765274 5.759743683795
136.012782335281 5.759743683795
136.427936553955 5.759743683795
136.832052946091 5.759743683796
137.235428094864 5.759743683795
137.639680862427 5.759743683795
138.044633626938 5.759743683795
138.449030876160 5.759743683795
138.854386806488 5.759743683795
139.258464574814 5.759743683795
139.661990404129 5.759743683795
140.066788911819 5.759743683795
140.472635030746 5.759743683795
140.877642393112 5.759743683795
141.282639265060 5.759743683795
141.687227964401 5.759743683795
142.092198610306 5.759743683795
142.497900485992 5.759743683795
142.902290582657 5.759743683795
143.306566238403 5.759743683795
143.709408760071 5.759743683795
144.112158536911 5.759743683795
144.515274047852 5.759743683795
144.918572187424 5.759743683795
145.321788311005 5.759743683795
145.724780321121 5.759743683795
146.128359317780 5.759743683795
146.532588005066 5.759743683795
146.936022043228 5.759743683795
147.340144872665 5.759743683795
147.744538545609 5.759743683795
148.148777961731 5.759743683795
148.552569866180 5.759743683795
148.956918239594 5.759743683795
149.360788345337 5.759743683795
149.764284133911 5.759743683795
150.169711351395 5.759743683795
150.576858520508 5.759743683795
150.984062194824 5.759743683795
151.390927791595 5.759743683795
151.799221515656 5.759743683795
152.208860635757 5.759743683795
152.616774320602 5.759743683795
153.024275302887 5.759743683795
153.431091547012 5.759743683795
153.839748382568 5.759743683795
154.247454166412 5.759743683795
154.655190944672 5.759743683795
155.063421249390 5.759743683795
155.470368146896 5.759743683795
155.874513149261 5.759743683795
156.276391744614 5.759743683795
156.679778575897 5.759743683795
157.081459522247 5.759743683795
157.483870983124 5.759743683795
157.886902570724 5.759743683795
158.290655612946 5.759743683795
158.693778276443 5.759743683795
159.095824241638 5.759743683795
159.499950647354 5.759743683795
159.903303623199 5.759743683795
160.306385278702 5.759743683795
160.709710836411 5.759743683795
161.137976884842 5.759743683795
161.543056964874 5.759743683796
161.945998668671 5.759743683795
162.348862648010 5.759743683795
162.752269268036 5.759743683795
163.155803203583 5.759743683795
163.559152603149 5.759743683795
163.962162971497 5.759743683795
164.365545272827 5.759743683795
164.768262147903 5.759743683795
165.171000957489 5.759743683796
165.573983907700 5.759743683795
165.976653337479 5.759743683795
166.379889726639 5.759743683795
166.782978534698 5.759743683795
167.186670303345 5.759743683795
167.589267969131 5.759743683795
167.992436170578 5.759743683795
168.396676301956 5.759743683795
168.800015687943 5.759743683795
169.203278064728 5.759743683795
169.606826782227 5.759743683796
170.010416984558 5.759743683796
170.413604259491 5.759743683795
170.817005872726 5.759743683795
171.219583511353 5.759743683796
171.623685121536 5.759743683796
172.027122497559 5.759743683795
172.431671380997 5.759743683796
172.836565256119 5.759743683795
173.240993738174 5.759743683795
173.644884586334 5.759743683795
174.048125505447 5.759743683795
174.454065084457 5.759743683795
174.857567787170 5.759743683795
175.261405706406 5.759743683796
175.665729999542 5.759743683795
176.071547508240 5.759743683795
176.476411581039 5.759743683795
176.880548715591 5.759743683795
177.284608840942 5.759743683795
177.688694715500 5.759743683795
178.092391729355 5.759743683795
178.496855497360 5.759743683795
178.902762413025 5.759743683795
179.306641340256 5.759743683795
179.711321592331 5.759743683795
180.115400791168 5.759743683796
180.520121574402 5.759743683795
180.923485517502 5.759743683795
181.326481103897 5.759743683795
181.731400012970 5.759743683795
182.136624336243 5.759743683796
182.540526151657 5.759743683795
182.944302082062 5.759743683795
183.349156141281 5.759743683795
183.752556324005 5.759743683795
184.155926465988 5.759743683795
184.558890104294 5.759743683795
184.963502168655 5.759743683795
185.372922658920 5.759743683795
185.785398244858 5.759743683795
186.197234153748 5.759743683795
186.599899291992 5.759743683795
187.002743721008 5.759743683795
187.412231922150 5.759743683795
187.825776338577 5.759743683795
188.236117839813 5.759743683795
188.638721227646 5.759743683795
189.040888071060 5.759743683795
189.452021837234 5.759743683795
189.865069150925 5.759743683795
190.274765253067 5.759743683796
190.678756952286 5.759743683795
191.084020376205 5.759743683795
191.488008975983 5.759743683796
191.891278743744 5.759743683795
192.296653032303 5.759743683795
192.700956583023 5.759743683795
193.104903936386 5.759743683795
193.499370336533 5.759743683795
193.893476247787 5.759743683796
194.286540031433 5.759743683795
194.679106235504 5.759743683796
195.071790695190 5.759743683795
195.464509725571 5.759743683795
195.857472419739 5.759743683795
196.250564336777 5.759743683796
196.643920660019 5.759743683795
197.038033485413 5.759743683795
197.431106090546 5.759743683795
197.823635578156 5.759743683795
198.216140985489 5.759743683795
198.609075784683 5.759743683795
199.003787755966 5.759743683795
199.397253990173 5.759743683795
199.791366577148 5.759743683795
200.191893577576 5.759743683795
200.584908008575 5.759743683795
200.979180097580 5.759743683795
201.373075962067 5.759743683796
201.767240285873 5.759743683795
202.160342216492 5.759743683795
202.554147243500 5.759743683795
202.948621034622 5.759743683795
203.343079805374 5.759743683795
203.737200021744 5.759743683795
204.131120920181 5.759743683795
204.525865793228 5.759743683795
204.918795108795 5.759743683795
205.313506126404 5.759743683795
205.708487510681 5.759743683795
206.106079578400 5.759743683795
206.503859281540 5.759743683795
206.903384923935 5.759743683795
207.301057815552 5.759743683795
207.697805166245 5.759743683795
208.095040082932 5.759743683795
208.488826990128 5.759743683795
208.881686449051 5.759743683795
209.280670166016 5.759743683795
209.693799018860 5.759743683795
210.106159925461 5.759743683795
210.500971794128 5.759743683795
210.893655061722 5.759743683795
211.293442964554 5.759743683795
211.706305265427 5.759743683795
212.120057344437 5.759743683795
212.515751838684 5.759743683795
212.908747196198 5.759743683796
213.308515548706 5.759743683795
213.721057891846 5.759743683795
214.134323835373 5.759743683795
214.529355764389 5.759743683795
214.921581029892 5.759743683795
215.321951866150 5.759743683796
215.726111412048 5.759743683795
216.129772186279 5.759743683795
216.533960819244 5.759743683796
216.938781976700 5.759743683795
217.342903137207 5.759743683796
217.747239112854 5.759743683795
218.151925086975 5.759743683795
218.556105136871 5.759743683795
218.959978818893 5.759743683795
219.363651990891 5.759743683795
219.768586158752 5.759743683795
220.173321962357 5.759743683795
220.577553749084 5.759743683795
220.982372283936 5.759743683795
221.387202978134 5.759743683795
221.792075634003 5.759743683795
222.196464538574 5.759743683795
222.600245237350 5.759743683795
223.004731893539 5.759743683795
223.409162759781 5.759743683795
223.813053846359 5.759743683795
224.217815876007 5.759743683795
224.622336149216 5.759743683795
225.026875495911 5.759743683795
225.436049699783 5.759743683795
225.850080013275 5.759743683795
226.261833906174 5.759743683795
226.665823459625 5.759743683795
227.071468591690 5.759743683795
227.482282161713 5.759743683795
227.895805120468 5.759743683795
228.306819677353 5.759743683795
228.711540699005 5.759743683795
229.115570068359 5.759743683795
229.526749372482 5.759743683795
229.939387321472 5.759743683795
230.350407600403 5.759743683795
230.754889488220 5.759743683795
231.158807039261 5.759743683795
231.563823461533 5.759743683795
231.971268177032 5.759743683795
232.376832485199 5.759743683795
232.782911300659 5.759743683795
233.189380645752 5.759743683795
233.595484733582 5.759743683796
234.001371860504 5.759743683795
234.406419038773 5.759743683795
234.811663627625 5.759743683795
235.216172456741 5.759743683795
235.620383501053 5.759743683795
236.024660587311 5.759743683795
236.428580284119 5.759743683795
236.832293033600 5.759743683795
237.235811710358 5.759743683795
237.640416622162 5.759743683795
238.044418334961 5.759743683795
238.448748350143 5.759743683795
238.852876901627 5.759743683795
239.257405996323 5.759743683795
239.661588430405 5.759743683795
240.066040277481 5.759743683795
240.470468759537 5.759743683795
240.875405788422 5.759743683795
241.279906034470 5.759743683795
241.684406757355 5.759743683795
242.091432809830 5.759743683795
242.496177911758 5.759743683795
242.900937080383 5.759743683795
243.304749011993 5.759743683795
243.709551572800 5.759743683795
244.113398075104 5.759743683795
244.515429019928 5.759743683795
244.920290470123 5.759743683795
245.323955535889 5.759743683795
245.728183031082 5.759743683795
246.131757974625 5.759743683795
246.535551548004 5.759743683795
246.940293073654 5.759743683795
247.360290288925 5.759743683795
247.773952484131 5.759743683795
248.188611507416 5.759743683795
248.585755348206 5.759743683795
248.982196807861 5.759743683795
249.378422021866 5.759743683795
249.774973392487 5.759743683795
250.172261476517 5.759743683795
250.568455219269 5.759743683795
250.966360569000 5.759743683795
251.362888097763 5.759743683795
251.759045839310 5.759743683795
252.156785964966 5.759743683795
252.553656578064 5.759743683795
252.949760437012 5.759743683795
253.345739364624 5.759743683795
253.742887735367 5.759743683795
254.140098810196 5.759743683795
254.537270069122 5.759743683795
254.933244943619 5.759743683795
255.330392360687 5.759743683795
255.727507114410 5.759743683795
256.123836994171 5.759743683795
256.520357370377 5.759743683795
256.917115211487 5.759743683795
257.313654422760 5.759743683795
257.708991289139 5.759743683795
258.105122804642 5.759743683795
258.502099752426 5.759743683796
258.901996374130 5.759743683795
259.301324605942 5.759743683795
259.701773643494 5.759743683796
260.103552579880 5.759743683795
260.503965616226 5.759743683796
260.901300668716 5.759743683795
261.300564765930 5.759743683795
261.714542865753 5.759743683795
262.128361940384 5.759743683795
262.529134273529 5.759743683795
262.925890684128 5.759743683795
263.325678110123 5.759743683795
263.739976167679 5.759743683796
264.154869318008 5.759743683795
264.554613113403 5.759743683795
264.950739383698 5.759743683795
265.351501941681 5.759743683795
265.765208244324 5.759743683795
266.179643392563 5.759743683795
266.577588558197 5.759743683795
266.975394964218 5.759743683795
267.376128196716 5.759743683795
267.789952993393 5.759743683795
268.204181432724 5.759743683795
268.602286100388 5.759743683795
268.999099254608 5.759743683795
269.394433736801 5.759743683795
269.790099143982 5.759743683795
270.187154293060 5.759743683795
270.582687854767 5.759743683795
270.979330539703 5.759743683795
271.376067876816 5.759743683795
271.772237300873 5.759743683795
272.169930219650 5.759743683795
272.566304922104 5.759743683795
272.962305307388 5.759743683795
273.359471797943 5.759743683795
273.755779266357 5.759743683795
274.152421236038 5.759743683795
274.549515962601 5.759743683795
274.945976495743 5.759743683795
275.347102403641 5.759743683795
275.746927261353 5.759743683795
276.144214630127 5.759743683795
276.540993452072 5.759743683795
276.938234806061 5.759743683795
277.337580442429 5.759743683795
277.750906705856 5.759743683795
278.164450883865 5.759743683795
278.567052602768 5.759743683795
278.963322162628 5.759743683795
279.363722801208 5.759743683795
279.777053594589 5.759743683795
280.195560932159 5.759743683795
280.595252990723 5.759743683795
280.992053508759 5.759743683795
281.387963771820 5.759743683795
281.783620119095 5.759743683795
282.180836200714 5.759743683795
282.577052593231 5.759743683795
282.973824739456 5.759743683795
283.370499372482 5.759743683795
283.767814874649 5.759743683795
284.165610313416 5.759743683795
284.563049316406 5.759743683795
284.959768056870 5.759743683795
285.356575727463 5.759743683795
285.752943277359 5.759743683795
286.149204730988 5.759743683795
286.545405387878 5.759743683795
286.943402290344 5.759743683795
287.340450048447 5.759743683795
287.736454010010 5.759743683795
288.133061885834 5.759743683795
288.538852691650 5.759743683795
288.944339752197 5.759743683795
289.348793268204 5.759743683795
289.753631353378 5.759743683795
290.158561229706 5.759743683795
290.562983989716 5.759743683795
290.966646909714 5.759743683795
291.370733737946 5.759743683795
291.775074481964 5.759743683795
292.179293870926 5.759743683795
292.625864982605 5.759743683795
293.029696702957 5.759743683795
293.433582544327 5.759743683795
293.847360610962 5.759743683795
294.250969886780 5.759743683795
294.654387712479 5.759743683795
295.055757999420 5.759743683795
295.459000110626 5.759743683795
295.855062961578 5.759743683795
296.255128383636 5.759743683795
296.650399208069 5.759743683796
297.047388792038 5.759743683795
297.444471597672 5.759743683795
297.890584468842 5.759743683795
298.297060012817 5.759743683795
298.702050924301 5.759743683795
299.105795621872 5.759743683795
299.516315221786 5.759743683795
299.930583715439 5.759743683795
300.344081401825 5.759743683795
300.750249624252 5.759743683796
301.155922889709 5.759743683795
301.566201448441 5.759743683795
301.980173587799 5.759743683795
302.394047260284 5.759743683795
302.807463645935 5.759743683795
303.228127717972 5.759743683795
303.635018587112 5.759743683795
304.038653850555 5.759743683795
304.442891597748 5.759743683795
304.846352338791 5.759743683795
305.251509666443 5.759743683795
305.655341625214 5.759743683795
306.059623956680 5.759743683795
306.463745832443 5.759743683795
306.869237661362 5.759743683795
307.273663043976 5.759743683795
307.677603244781 5.759743683795
308.082580566406 5.759743683795
308.485749244690 5.759743683795
308.890480279922 5.759743683795
309.294168233871 5.759743683795
309.699163675308 5.759743683795
310.103572607040 5.759743683795
310.507493972778 5.759743683795
310.912762641907 5.759743683795
311.316915273666 5.759743683795
311.720505237579 5.759743683795
312.124711036682 5.759743683795
312.529175996780 5.759743683795
312.932488679886 5.759743683795
313.336033344269 5.759743683795
313.738269567490 5.759743683795
314.144665002823 5.759743683795
314.547895669937 5.759743683795
314.951174259186 5.759743683795
315.354908943176 5.759743683796
315.757959365845 5.759743683795
316.160811424255 5.759743683795
316.563814163208 5.759743683795
316.967987060547 5.759743683795
317.371729612350 5.759743683795
317.775054454803 5.759743683796
318.180249929428 5.759743683795
318.584439754486 5.759743683795
318.991502046585 5.759743683795
319.395864009857 5.759743683795
319.800999641418 5.759743683795
320.208260774612 5.759743683795
320.611812591553 5.759743683795
321.015764236450 5.759743683796
321.420497417450 5.759743683796
321.825242996216 5.759743683795
322.229554653168 5.759743683795
322.632511138916 5.759743683795
323.037689924240 5.759743683795
323.440784692764 5.759743683795
323.844157934189 5.759743683795
324.247680425644 5.759743683795
324.650684833527 5.759743683795
325.053615570068 5.759743683795
325.456144809723 5.759743683795
325.860509395599 5.759743683795
326.264269590378 5.759743683795
326.667388200760 5.759743683795
327.071127891541 5.759743683795
327.474324703217 5.759743683795
327.877416372299 5.759743683795
328.281566143036 5.759743683795
328.685017585754 5.759743683795
329.090048789978 5.759743683795
329.493566036224 5.759743683795
329.896860361099 5.759743683795
330.301272869110 5.759743683795
330.704470634460 5.759743683795
331.109201669693 5.759743683795
331.512957811356 5.759743683795
331.917248249054 5.759743683795
332.322289228439 5.759743683795
332.725253582001 5.759743683795
333.128917932510 5.759743683795
333.533067464828 5.759743683795
333.937171220779 5.759743683795
334.341033220291 5.759743683795
334.746216058731 5.759743683795
335.154366970062 5.759743683795
335.556206703186 5.759743683795
335.951849460602 5.759743683795
336.350416421890 5.759743683795
336.746233701706 5.759743683795
337.144155502319 5.759743683795
337.552114725113 5.759743683796
337.957963466644 5.759743683795
338.362893581390 5.759743683795
338.768276929855 5.759743683795
339.174318790436 5.759743683795
339.579152584076 5.759743683795
339.983557939529 5.759743683795
340.388575792313 5.759743683795
340.793333292007 5.759743683795
341.199139595032 5.759743683795
341.604416847229 5.759743683795
342.010742187500 5.759743683796
342.416255950928 5.759743683795
342.820007801056 5.759743683795
343.224755287170 5.759743683795
343.630359411240 5.759743683796
344.036245822906 5.759743683795
344.441670656204 5.759743683795
344.847142219543 5.759743683795
345.253202199936 5.759743683795
345.660075187683 5.759743683795
346.065037727356 5.759743683796
346.470060110092 5.759743683795
346.875333786011 5.759743683795
347.280530214310 5.759743683796
347.684321880341 5.759743683795
348.090329647064 5.759743683796
348.495631933212 5.759743683795
348.900102615356 5.759743683795
349.305424928665 5.759743683796
349.709642410278 5.759743683796
350.114891290665 5.759743683796
350.520270586014 5.759743683795
350.926155090332 5.759743683795
351.331216573715 5.759743683795
351.735210180283 5.759743683796
352.140908479691 5.759743683795
352.546366453171 5.759743683795
352.952288627625 5.759743683796
353.357358455658 5.759743683796
353.762396574020 5.759743683795
354.167606830597 5.759743683795
354.571628093719 5.759743683795
354.976008415222 5.759743683795
355.383101701736 5.759743683795
355.788009405136 5.759743683795
356.192939043045 5.759743683795
356.597766876221 5.759743683796
357.002985715866 5.759743683795
357.407547950745 5.759743683796
357.811548948288 5.759743683795
358.216392993927 5.759743683796
358.621630668640 5.759743683795
359.026758670807 5.759743683795
359.431826353073 5.759743683795
359.838633537292 5.759743683796
360.244437217712 5.759743683795
360.648468017578 5.759743683795
361.053319692612 5.759743683796
361.458620071411 5.759743683795
361.863950252533 5.759743683795
362.269913434982 5.759743683795
362.674849510193 5.759743683795
363.080060720444 5.759743683795
363.484738111496 5.759743683795
363.890544414520 5.759743683795
364.296930789948 5.759743683795
364.701888799667 5.759743683795
365.108230829239 5.759743683795
365.517504930496 5.759743683795
365.931440591812 5.759743683795
366.345415592194 5.759743683795
366.750528335571 5.759743683795
367.156307458878 5.759743683795
367.561624050140 5.759743683795
367.966315984726 5.759743683795
368.371845483780 5.759743683795
368.776960849762 5.759743683795
369.182074069977 5.759743683795
369.587534427643 5.759743683795
369.992600440979 5.759743683795
370.397166013718 5.759743683795
370.801900148392 5.759743683796
371.210649013519 5.759743683795
371.614506721497 5.759743683796
372.019539833069 5.759743683796
372.423878192902 5.759743683795
372.827433824539 5.759743683795
373.231828689575 5.759743683796
373.635271787643 5.759743683795
374.039842605591 5.759743683795
374.444335937500 5.759743683796
374.849056243896 5.759743683795
375.255198001862 5.759743683795
375.659116506577 5.759743683796
376.063678264618 5.759743683795
376.467397212982 5.759743683796
376.872432708740 5.759743683795
377.277603387833 5.759743683796
377.682423114777 5.759743683796
378.087200403214 5.759743683795
378.491585731506 5.759743683796
378.896237134933 5.759743683796
379.301217317581 5.759743683795
379.705122470856 5.759743683795
380.110292434692 5.759743683795
380.515192270279 5.759743683795
380.919066905975 5.759743683795
381.322054624557 5.759743683796
381.725777864456 5.759743683796
382.131610155106 5.759743683795
382.535425186157 5.759743683795
382.939454078674 5.759743683795
383.343947887421 5.759743683795
383.747989416122 5.759743683795
384.151121854782 5.759743683796
384.555134534836 5.759743683796
384.958586931229 5.759743683795
385.363138914108 5.759743683795
385.766391515732 5.759743683796
386.169803857803 5.759743683795
386.575075149536 5.759743683796
386.980760097504 5.759743683796
387.384568691254 5.759743683795
387.787993431091 5.759743683795
388.192319154739 5.759743683795
388.595297574997 5.759743683795
388.999283790588 5.759743683795
389.406711339951 5.759743683795
389.810578107834 5.759743683795
390.214006900787 5.759743683795
390.617134571075 5.759743683795
391.020709753036 5.759743683796
391.425229310989 5.759743683795
391.828105449677 5.759743683795
392.232647895813 5.759743683795
392.636416196823 5.759743683795
393.040271520615 5.759743683795
393.444127559662 5.759743683795
393.848907947540 5.759743683796
394.254201889038 5.759743683795
394.657312870026 5.759743683795
395.062310457230 5.759743683795
395.497492551804 5.759743683796
395.896716594696 5.759743683796
396.296012878418 5.759743683795
396.692120313644 5.759743683795
397.088924169540 5.759743683795
397.485321998596 5.759743683795
397.882167816162 5.759743683795
398.278943061829 5.759743683796
398.675016403198 5.759743683795
399.072337388992 5.759743683795
399.469092845917 5.759743683795
399.866071701050 5.759743683795
400.262958049774 5.759743683795
400.659557580948 5.759743683796
401.058109521866 5.759743683795
401.457317829132 5.759743683795
401.857987642288 5.759743683795
402.261788129807 5.759743683795
402.662997484207 5.759743683795
403.063085079193 5.759743683795
403.463998556137 5.759743683796
403.865152120590 5.759743683795
404.265154361725 5.759743683795
404.664375543594 5.759743683795
405.064215898514 5.759743683796
405.464598655701 5.759743683795
