0.560300827026 6.069443860948
1.108889579773 5.689634190166
1.632944822311 5.703938149992
2.175584554672 5.717260757812
2.740791797638 5.743884362187
3.319405794144 5.750407505402
3.854389667511 5.754470149537
4.422833681107 5.756520261489
4.986349344254 5.758662242002
5.541861295700 5.759093114181
6.077100992203 5.759389893684
6.623400449753 5.759534833271
7.172092914581 5.759647594315
7.714341878891 5.759697444560
8.271463155746 5.759723916578
8.856189489365 5.759736086350
9.383070230484 5.759738922996
9.940919160843 5.759739904777
10.505191087723 5.759741341426
11.076817274094 5.759742538757
11.659516334534 5.759738607329
12.209493875504 5.759742111413
12.770611763000 5.759742300666
13.352835416794 5.759742030262
13.941716432571 5.759742377097
14.511813402176 5.759742389571
15.048918008804 5.759742509738
15.613957405090 5.759742358823
16.263386726379 5.759742337196
16.668892621994 5.759742337196
17.073693275452 5.759742337196
17.478601455688 5.759742337196
17.883957386017 5.759742337196
18.290026187897 5.759742337196
18.696165323257 5.759742337196
19.101772785187 5.759742337196
19.504628181458 5.759742337196
19.908777475357 5.759742337196
20.312752485275 5.759742337196
20.718894720078 5.759742337196
21.123742818832 5.759742337196
21.528724431992 5.759742337196
21.934297323227 5.759742337196
22.339929342270 5.759742337196
22.745208024979 5.759742337196
23.149599313736 5.759742337196
23.554815053940 5.759742337196
23.960385799408 5.759742337196
24.364870786667 5.759742337196
24.768570423126 5.759742337196
25.173018932343 5.759742337196
25.576855659485 5.759742337196
25.979374647141 5.759742337196
26.383902072906 5.759742337196
26.788658142090 5.759742337196
27.193266868591 5.759742337196
27.597141742706 5.759742337196
28.003109693527 5.759742337196
28.408655405045 5.759742337196
28.814063310623 5.759742337196
29.219785928726 5.759742337196
29.624440670013 5.759742337196
30.029396533966 5.759742337196
30.434539556503 5.759742337196
30.840087175369 5.759742337196
31.245491266251 5.759742337196
31.649888992310 5.759742337196
32.054822683334 5.759742337196
32.459225177765 5.759742337196
32.865322113037 5.759742337196
33.269267797470 5.759742337196
33.673882484436 5.759742337196
34.078551292419 5.759742337196
34.483586311340 5.759742337196
34.888003110886 5.759742337196
35.292188644409 5.759742337196
35.697928905487 5.759742337196
36.102139949799 5.759742337196
36.505105495453 5.759742337196
36.909796476364 5.759742337196
37.315050601959 5.759742337196
37.719275474548 5.759742337196
38.124104976654 5.759742337196
38.529231071472 5.759742337196
38.933914899826 5.759742337196
39.339426994324 5.759742337196
39.744137763977 5.759742337196
40.147002696991 5.759742337196
40.544126272202 5.759742337196
40.940587759018 5.759742337196
41.338413000107 5.759742337196
41.735027790070 5.759742337196
42.131694316864 5.759742337196
42.528842449188 5.759742337196
42.927171468735 5.759742337196
43.324534893036 5.759742337196
43.721638441086 5.759742337196
44.119503974915 5.759742337196
44.516380786896 5.759742337196
44.912759065628 5.759742337196
45.310199975967 5.759742337196
45.707730531693 5.759742337196
46.113624572754 5.759742337196
46.532311677933 5.759742337196
46.951418876648 5.759742337196
47.350559949875 5.759742337196
47.747811079025 5.759742337196
48.146572351456 5.759742337196
48.544264316559 5.759742337196
48.941626310349 5.759742337196
49.339076280594 5.759742337196
49.736138820648 5.759742337196
50.133368492126 5.759742337196
50.529530286789 5.759742337196
50.926099300385 5.759742337196
51.324948549271 5.759742337196
51.722862243652 5.759742337196
52.122556209564 5.759742337196
52.529753923416 5.759742337196
52.936137914658 5.759742337196
53.341819524765 5.759742337196
53.746924161911 5.759742337196
54.153550863266 5.759742337196
54.558708190918 5.759742337196
54.966276884079 5.759742337196
55.375974655151 5.759742337196
55.780409336090 5.759742337196
56.186269283295 5.759742337196
56.591591358185 5.759742337196
56.996015071869 5.759742337196
57.401740789413 5.759742337196
57.811909675598 5.759742337196
58.217080593109 5.759742337196
58.623262166977 5.759742337196
59.028977394104 5.759742337196
59.434004783630 5.759742337196
59.838406324387 5.759742337196
60.243855237961 5.759742337196
60.648327350616 5.759742337196
61.053111076355 5.759742337196
61.458683013916 5.759742337196
61.863007545471 5.759742337196
62.267138242722 5.759742337196
62.671296119690 5.759742337196
63.076496124268 5.759742337196
63.482018232346 5.759742337196
63.887585401535 5.759742337196
64.291622877121 5.759742337196
64.697364091873 5.759742337196
65.102517604828 5.759742337196
65.508082628250 5.759742337196
65.911747455597 5.759742337196
66.318072319031 5.759742337196
66.724068164825 5.759742337196
67.129686117172 5.759742337196
67.534416437149 5.759742337196
67.940534114838 5.759742337196
68.345216035843 5.759742337196
68.751439571381 5.759742337196
69.156473159790 5.759742337196
69.560891866684 5.759742337196
69.965501785278 5.759742337196
70.370848894119 5.759742337196
70.777399778366 5.759742337196
71.182696819305 5.759742337196
71.588754177094 5.759742337196
71.993883848190 5.759742337196
72.398575305939 5.759742337196
72.804320573807 5.759742337196
73.209005117416 5.759742337196
73.615063428879 5.759742337196
74.019689798355 5.759742337196
74.424943447113 5.759742337196
74.831011533737 5.759742337196
75.236340522766 5.759742337196
75.640157699585 5.759742337196
76.045686006546 5.759742337196
76.450507640839 5.759742337196
76.854418754578 5.759742337196
77.258715391159 5.759742337196
77.662924528122 5.759742337196
78.067551612854 5.759742337196
78.472112655640 5.759742337196
78.877085447311 5.759742337196
79.281592130661 5.759742337196
79.686724662781 5.759742337196
80.091851711273 5.759742337196
80.496441602707 5.759742337196
80.901478767395 5.759742337196
81.307004928589 5.759742337196
81.711625576019 5.759742337196
82.115546226501 5.759742337196
82.520451068878 5.759742337196
82.925197601318 5.759742337196
83.330399274826 5.759742337196
83.735501289368 5.759742337196
84.141444206238 5.759742337196
84.546780109406 5.759742337196
84.952883481979 5.759742337196
85.356694221497 5.759742337196
85.761929035187 5.759742337196
86.165805578232 5.759742337196
86.570350885391 5.759742337196
86.975379467010 5.759742337196
87.380322694778 5.759742337196
87.784844636917 5.759742337196
88.190428972244 5.759742337196
88.596198797226 5.759742337196
89.001403093338 5.759742337196
89.406585216522 5.759742337196
89.813864469528 5.759742337196
90.221156358719 5.759742337196
90.627884149551 5.759742337196
91.034142494202 5.759742337196
91.438722848892 5.759742337196
91.843415498734 5.759742337196
92.247327804565 5.759742337196
92.652102470398 5.759742337196
93.056495189667 5.759742337196
93.463711500168 5.759742337196
93.868698358536 5.759742337196
94.273072004318 5.759742337196
94.676851034164 5.759742337196
95.081203460693 5.759742337196
95.486778974533 5.759742337196
95.891707658768 5.759742337196
96.295451641083 5.759742337196
96.698105335236 5.759742337196
97.105048894882 5.759742337196
97.510380268097 5.759742337196
97.915903329849 5.759742337196
98.321225643158 5.759742337196
98.727151393890 5.759742337196
99.132020235062 5.759742337196
99.538299322128 5.759742337196
99.943413496017 5.759742337196
100.348053216934 5.759742337196
100.752466201782 5.759742337196
101.155888080597 5.759742337196
101.559787750244 5.759742337196
101.963675260544 5.759742337196
102.368013381958 5.759742337196
102.772494792938 5.759742337196
103.176920890808 5.759742337196
103.581282854080 5.759742337196
103.985683917999 5.759742337196
104.391649484634 5.759742337196
104.796802997589 5.759742337196
105.201781749725 5.759742337196
105.606757640839 5.759742337196
106.012160062790 5.759742337196
106.417685508728 5.759742337196
106.823052167892 5.759742337196
107.228997468948 5.759742337196
107.636366605759 5.759742337196
108.045626401901 5.759742337196
108.454799413681 5.759742337196
108.867631673813 5.759742337196
109.277460336685 5.759742337196
109.684881687164 5.759742337196
110.092917680740 5.759742337196
110.501699209213 5.759742337196
110.910606145859 5.759742337196
111.320030212402 5.759742337196
111.728788852692 5.759742337196
112.151999711990 5.759742337196
112.560370683670 5.759742337196
112.966525554657 5.759742337196
113.371791362762 5.759742337196
113.778136968613 5.759742337196
114.183885574341 5.759742337196
114.592569112778 5.759742337196
115.004209518433 5.759742337196
115.415092706680 5.759742337196
115.824877500534 5.759742337196
116.237208366394 5.759742337196
116.643511533737 5.759742337196
117.048776865005 5.759742337196
117.453505277634 5.759742337196
117.858581542969 5.759742337196
118.263630151749 5.759742337196
118.670979261398 5.759742337196
119.075996637344 5.759742337196
119.489906787872 5.759742337196
119.900975942612 5.759742337196
120.311586856842 5.759742337196
120.716429233551 5.759742337196
121.121718883514 5.759742337196
121.527065277100 5.759742337196
121.931048154831 5.759742337196
122.335946798325 5.759742337196
122.740328311920 5.759742337196
123.143977403641 5.759742337196
123.546629190445 5.759742337196
123.951894998550 5.759742337196
124.356248617172 5.759742337196
124.761010408401 5.759742337196
125.166551351547 5.759742337196
125.571719884872 5.759742337196
125.976654767990 5.759742337196
126.382956504822 5.759742337196
126.788014888763 5.759742337196
127.193589210510 5.759742337196
127.598527431488 5.759742337196
128.002866744995 5.759742337196
128.407954692841 5.759742337196
128.812794685364 5.759742337196
129.218217611313 5.759742337196
129.624124288559 5.759742337196
130.030642509460 5.759742337196
130.435476303101 5.759742337196
130.840696096420 5.759742337196
131.245725154877 5.759742337196
131.651834726334 5.759742337196
132.057217359543 5.759742337196
132.463918924332 5.759742337196
132.870693445206 5.759742337196
133.277195692062 5.759742337196
133.683643817902 5.759742337196
134.088802814484 5.759742337196
134.494561672211 5.759742337196
134.899555444717 5.759742337196
135.305681467056 5.759742337196
135.711376905441 5.759742337196
136.117524147034 5.759742337196
136.523442745209 5.759742337196
136.928850412369 5.759742337196
137.334770441055 5.759742337196
137.739053487778 5.759742337196
138.144496202469 5.759742337196
138.550377607346 5.759742337196
138.956718921661 5.759742337196
139.363408803940 5.759742337196
139.769403219223 5.759742337196
140.175951957703 5.759742337196
140.580817937851 5.759742337196
140.985726594925 5.759742337196
141.391509294510 5.759742337196
141.797996759415 5.759742337196
142.207224845886 5.759742337196
142.622193574905 5.759742337196
143.037000417709 5.759742337196
143.442686080933 5.759742337196
143.847452402115 5.759742337196
144.256144046783 5.759742337196
144.670722246170 5.759742337196
145.083772897720 5.759742337196
145.487112283707 5.759742337196
145.890823125839 5.759742337196
146.300228357315 5.759742337196
146.714139699936 5.759742337196
147.127973556519 5.759742337196
147.532793760300 5.759742337196
147.938797950745 5.759742337196
148.344192028046 5.759742337196
148.750257730484 5.759742337196
149.155795574188 5.759742337196
149.561372518539 5.759742337196
149.966035127640 5.759742337196
150.366841554642 5.759742337196
150.765105724335 5.759742337196
151.161815881729 5.759742337196
151.559087276459 5.759742337196
151.956532716751 5.759742337196
152.353737592697 5.759742337196
152.750720500946 5.759742337196
153.147779464722 5.759742337196
153.545424461365 5.759742337196
153.942251682281 5.759742337196
154.339912176132 5.759742337196
154.737048864365 5.759742337196
155.133910894394 5.759742337196
155.530479907990 5.759742337196
155.927420377731 5.759742337196
156.324044227600 5.759742337196
156.721480131149 5.759742337196
157.127236366272 5.759742337196
157.524871349335 5.759742337196
157.921461343765 5.759742337196
158.319859743118 5.759742337196
158.717833757401 5.759742337196
159.115089178085 5.759742337196
159.512236833572 5.759742337196
159.910349607468 5.759742337196
160.308431386948 5.759742337196
160.706575155258 5.759742337196
161.104495286942 5.759742337196
161.501310348511 5.759742337196
161.897174358368 5.759742337196
162.293785810471 5.759742337196
162.693757772446 5.759742337196
163.096435546875 5.759742337196
163.498845815659 5.759742337196
163.902383327484 5.759742337196
164.305135726929 5.759742337196
164.707436561584 5.759742337196
165.110038042068 5.759742337196
165.506994962692 5.759742337196
165.904164314270 5.759742337196
166.310652971268 5.759742337196
166.727924585342 5.759742337196
167.143372535706 5.759742337196
167.540052175522 5.759742337196
167.936350345612 5.759742337196
168.344621658325 5.759742337196
168.762237787247 5.759742337196
169.177395820618 5.759742337196
169.574292421341 5.759742337196
169.971221685410 5.759742337196
170.380725383759 5.759742337196
170.797409534454 5.759742337196
171.211364984512 5.759742337196
171.608040571213 5.759742337196
172.005651235580 5.759742337196
172.415060997009 5.759742337196
172.821662425995 5.759742337196
173.227876424789 5.759742337196
173.634246587753 5.759742337196
174.040311813354 5.759742337196
174.445500850677 5.759742337196
174.851901531219 5.759742337196
175.257643461227 5.759742337196
175.663681745529 5.759742337196
176.069850683212 5.759742337196
176.476297855377 5.759742337196
176.882439613342 5.759742337196
177.288935184479 5.759742337196
177.695030212402 5.759742337196
178.101882219315 5.759742337196
178.508094549179 5.759742337196
178.914161205292 5.759742337196
179.319723367691 5.759742337196
179.726385831833 5.759742337196
180.133586406708 5.759742337196
180.540100574493 5.759742337196
180.946453809738 5.759742337196
181.352439880371 5.759742337196
181.758941173553 5.759742337196
182.164987564087 5.759742337196
182.580429792404 5.759742337196
182.994435071945 5.759742337196
183.404082059860 5.759742337196
183.810454130173 5.759742337196
184.217726945877 5.759742337196
184.633683443069 5.759742337196
185.049457788467 5.759742337196
185.456555128098 5.759742337196
185.861435890198 5.759742337196
186.269677400589 5.759742337196
186.684991359711 5.759742337196
187.100790023804 5.759742337196
187.508107185364 5.759742337196
187.913997173309 5.759742337196
188.319946765900 5.759742337196
188.726341247559 5.759742337196
189.133723735809 5.759742337196
189.541943311691 5.759742337196
189.948739528656 5.759742337196
190.356602907181 5.759742337196
190.763682365417 5.759742337196
191.170664310455 5.759742337196
191.577836751938 5.759742337196
191.985620498657 5.759742337196
192.390777826309 5.759742337196
192.796901226044 5.759742337196
193.203412532806 5.759742337196
193.610876083374 5.759742337196
194.017664670944 5.759742337196
194.423480510712 5.759742337196
194.829202890396 5.759742337196
195.236106634140 5.759742337196
195.641903162003 5.759742337196
196.048137187958 5.759742337196
196.454594612122 5.759742337196
196.861942052841 5.759742337196
197.268327713013 5.759742337196
197.674592494965 5.759742337196
198.081462144852 5.759742337196
198.486732244492 5.759742337196
198.894077777863 5.759742337196
199.300183296204 5.759742337196
199.706562042236 5.759742337196
200.113047122955 5.759742337196
200.520066499710 5.759742337196
200.926500797272 5.759742337196
201.330883026123 5.759742337196
201.736513853073 5.759742337196
202.143300533295 5.759742337196
202.549654006958 5.759742337196
202.955834388733 5.759742337196
203.361150979996 5.759742337196
203.767957925797 5.759742337196
204.237489938736 5.759742337196
204.654317855835 5.759742337196
205.071847677231 5.759742337196
205.476041793823 5.759742337196
205.875539302826 5.759742337196
206.274712800980 5.759742337196
206.674043655396 5.759742337196
207.074109554291 5.759742337196
207.472927093506 5.759742337196
207.873426198959 5.759742337196
208.273181676865 5.759742337196
208.672827482224 5.759742337196
209.073579788208 5.759742337196
209.473175764084 5.759742337196
209.872257709503 5.759742337196
210.271416187286 5.759742337196
210.670845508575 5.759742337196
211.070682764053 5.759742337196
211.470766544342 5.759742337196
211.870884895325 5.759742337196
212.271354436874 5.759742337196
212.670943975449 5.759742337196
213.070306301117 5.759742337196
213.469825506210 5.759742337196
213.870489358902 5.759742337196
214.269994020462 5.759742337196
214.669440984726 5.759742337196
215.068145275116 5.759742337196
215.467787027359 5.759742337196
215.870781660080 5.759742337196
216.273883104324 5.759742337196
216.676361799240 5.759742337196
217.082867383957 5.759742337196
217.486080169678 5.759742337196
217.886648416519 5.759742337196
218.290441751480 5.759742337196
218.707521677017 5.759742337196
219.124561786652 5.759742337196
219.526259660721 5.759742337196
219.926772832870 5.759742337196
220.332034826279 5.759742337196
220.749607801437 5.759742337196
221.166990518570 5.759742337196
221.568665504456 5.759742337196
221.968664169312 5.759742337196
222.375439643860 5.759742337196
222.792834758759 5.759742337196
223.210002899170 5.759742337196
223.608145475388 5.759742337196
224.008948564529 5.759742337196
224.417656183243 5.759742337196
224.835342884064 5.759742337196
225.251486063004 5.759742337196
225.650413036346 5.759742337196
226.050837755203 5.759742337196
226.450163841248 5.759742337196
226.849423646927 5.759742337196
227.250724077225 5.759742337196
227.650585889816 5.759742337196
228.050256729126 5.759742337196
228.450002908707 5.759742337196
228.851091384888 5.759742337196
229.251219987869 5.759742337196
229.650449752808 5.759742337196
230.049695253372 5.759742337196
230.449998140335 5.759742337196
230.849607229233 5.759742337196
231.249886989594 5.759742337196
231.650182485580 5.759742337196
232.050540208817 5.759742337196
232.456603527069 5.759742337196
232.857320785522 5.759742337196
233.257979631424 5.759742337196
233.658067464828 5.759742337196
234.059102535248 5.759742337196
234.468360185623 5.759742337196
234.886098146439 5.759742337196
235.302064418793 5.759742337196
235.701601028442 5.759742337196
236.101423740387 5.759742337196
236.512954711914 5.759742337196
236.930575132370 5.759742337196
237.347677946091 5.759742337196
237.747894287109 5.759742337196
238.148347377777 5.759742337196
238.547268867493 5.759742337196
238.946703433990 5.759742337196
239.348133087158 5.759742337196
239.748095989227 5.759742337196
240.147680997849 5.759742337196
240.547470331192 5.759742337196
240.948764801025 5.759742337196
241.349120378494 5.759742337196
241.748521804810 5.759742337196
242.148391008377 5.759742337196
242.547126293182 5.759742337196
242.946835517883 5.759742337196
243.345984697342 5.759742337196
243.745996236801 5.759742337196
244.148042917252 5.759742337196
244.547685146332 5.759742337196
244.948391914368 5.759742337196
245.373814344406 5.759742337196
245.780686378479 5.759742337196
246.186591148376 5.759742337196
246.592086315155 5.759742337196
246.998208284378 5.759742337196
247.404698133469 5.759742337196
247.809423685074 5.759742337196
248.216100454330 5.759742337196
248.621809959412 5.759742337196
249.026304006577 5.759742337196
249.452271938324 5.759742337196
249.855396747589 5.759742337196
250.255134344101 5.759742337196
250.665470123291 5.759742337196
251.068199634552 5.759742337196
251.473404884338 5.759742337196
251.871606588364 5.759742337196
252.274593353271 5.759742337196
252.669155836105 5.759742337196
253.066510915756 5.759742337196
253.461286783218 5.759742337196
253.857039451599 5.759742337196
254.251475334167 5.759742337196
254.652737855911 5.759742337196
255.071183681488 5.759742337196
255.478920459747 5.759742337196
255.884970188141 5.759742337196
256.293347835541 5.759742337196
256.710225343704 5.759742337196
257.125766992569 5.759742337196
257.535409688950 5.759742337196
257.943089485168 5.759742337196
258.352280378342 5.759742337196
258.768266677856 5.759742337196
259.183268785477 5.759742337196
259.598022937775 5.759742337196
260.013188362122 5.759742337196
260.435380697250 5.759742337196
260.840058565140 5.759742337196
261.244925260544 5.759742337196
261.650552272797 5.759742337196
262.055931329727 5.759742337196
262.460651397705 5.759742337196
262.866679430008 5.759742337196
263.271472215652 5.759742337196
263.677597522736 5.759742337196
264.084045171738 5.759742337196
264.490731954575 5.759742337196
264.898443460464 5.759742337196
265.304580211639 5.759742337196
265.711305856705 5.759742337196
266.118094682693 5.759742337196
266.524781227112 5.759742337196
266.931197643280 5.759742337196
267.338779449463 5.759742337196
267.745512008667 5.759742337196
268.152276992798 5.759742337196
268.558356523514 5.759742337196
268.965532064438 5.759742337196
269.370452165604 5.759742337196
269.776193857193 5.759742337196
270.182761430740 5.759742337196
270.587683677673 5.759742337196
270.994388103485 5.759742337196
271.400913000107 5.759742337196
271.805911064148 5.759742337196
272.211746692657 5.759742337196
272.617052555084 5.759742337196
273.021226882935 5.759742337196
273.426196336746 5.759742337196
273.830603837967 5.759742337196
274.235874891281 5.759742337196
274.641407966614 5.759742337196
275.048307180405 5.759742337196
275.452604770660 5.759742337196
275.860734701157 5.759742337196
276.267116546631 5.759742337196
276.672732114792 5.759742337196
277.081244468689 5.759742337196
277.486525774002 5.759742337196
277.892817020416 5.759742337196
278.298870325089 5.759742337196
278.704215049744 5.759742337196
279.110861539841 5.759742337196
279.515136957169 5.759742337196
279.919969797134 5.759742337196
280.325666427612 5.759742337196
280.731514692307 5.759742337196
281.135818481445 5.759742337196
281.539642333984 5.759742337196
281.944349765778 5.759742337196
282.349259138107 5.759742337196
282.755099058151 5.759742337196
283.160850763321 5.759742337196
283.565912485123 5.759742337196
283.971449613571 5.759742337196
284.376293420792 5.759742337196
284.781267404556 5.759742337196
285.187891244888 5.759742337196
285.592703580856 5.759742337196
285.998292446136 5.759742337196
286.403442144394 5.759742337196
286.809846878052 5.759742337196
287.214723587036 5.759742337196
287.620062828064 5.759742337196
288.025238513947 5.759742337196
288.430482864380 5.759742337196
288.836136817932 5.759742337196
289.243239402771 5.759742337196
289.648276805878 5.759742337196
290.053520917892 5.759742337196
290.459565162659 5.759742337196
290.865149497986 5.759742337196
291.271782636642 5.759742337196
291.677972316742 5.759742337196
292.082902193069 5.759742337196
292.483643770218 5.759742337196
292.877662181854 5.759742337196
293.273518800735 5.759742337196
293.666379213333 5.759742337196
294.061318159103 5.759742337196
294.471829891205 5.759742337196
294.878575563431 5.759742337196
295.283823966980 5.759742337196
295.689425468445 5.759742337196
296.094715833664 5.759742337196
296.500953674316 5.759742337196
296.907537937164 5.759742337196
297.311844587326 5.759742337196
297.717619657516 5.759742337196
298.123934745789 5.759742337196
298.530658721924 5.759742337196
298.937126636505 5.759742337196
299.343705415726 5.759742337196
299.748857021332 5.759742337196
300.154003620148 5.759742337196
300.559190511703 5.759742337196
300.964720487595 5.759742337196
301.371030330658 5.759742337196
301.776173591614 5.759742337196
302.182599782944 5.759742337196
302.590564012527 5.759742337196
302.996720075607 5.759742337196
303.401963949203 5.759742337196
303.807363748550 5.759742337196
304.212177991867 5.759742337196
304.617716073990 5.759742337196
305.022342443466 5.759742337196
305.429287910461 5.759742337196
305.835823297501 5.759742337196
306.241799592972 5.759742337196
306.646878719330 5.759742337196
307.052888154984 5.759742337196
307.458642005920 5.759742337196
307.864351034164 5.759742337196
308.270457029343 5.759742337196
308.675668239594 5.759742337196
309.082398176193 5.759742337196
309.488690614700 5.759742337196
309.894335746765 5.759742337196
310.300773859024 5.759742337196
310.706614732742 5.759742337196
311.112062215805 5.759742337196
311.517013311386 5.759742337196
311.922754764557 5.759742337196
312.329624891281 5.759742337196
312.735335111618 5.759742337196
313.141539335251 5.759742337196
313.547393798828 5.759742337196
313.953682661057 5.759742337196
314.359680175781 5.759742337196
314.765874385834 5.759742337196
315.171679258347 5.759742337196
315.577550649643 5.759742337196
315.983555793762 5.759742337196
316.391124010086 5.759742337196
316.797866106033 5.759742337196
317.204252004623 5.759742337196
317.609425544739 5.759742337196
318.014064311981 5.759742337196
318.419657230377 5.759742337196
318.825656175613 5.759742337196
319.233050107956 5.759742337196
319.637985706329 5.759742337196
320.042863845825 5.759742337196
320.448549747467 5.759742337196
320.855635404587 5.759742337196
321.261971712112 5.759742337196
321.667629003525 5.759742337196
322.074244022369 5.759742337196
322.483632564545 5.759742337196
322.898817777634 5.759742337196
323.313373804092 5.759742337196
323.719908952713 5.759742337196
324.125280857086 5.759742337196
324.530670642853 5.759742337196
324.936151266098 5.759742337196
325.340365409851 5.759742337196
325.745077610016 5.759742337196
326.150473833084 5.759742337196
326.556105375290 5.759742337196
326.963132858276 5.759742337196
327.368247509003 5.759742337196
327.772543430328 5.759742337196
328.178079366684 5.759742337196
328.582689762115 5.759742337196
328.988221168518 5.759742337196
329.393994092941 5.759742337196
329.799089193344 5.759742337196
330.204317808151 5.759742337196
330.609718322754 5.759742337196
331.016213178635 5.759742337196
331.421205759048 5.759742337196
331.827053308487 5.759742337196
332.234901189804 5.759742337196
332.640407085419 5.759742337196
333.045514583588 5.759742337196
333.450610160828 5.759742337196
333.857742309570 5.759742337196
334.265356540680 5.759742337196
334.671811580658 5.759742337196
335.077770233154 5.759742337196
335.483533620834 5.759742337196
335.889729261398 5.759742337196
336.295756578445 5.759742337196
336.701448202133 5.759742337196
337.109202384949 5.759742337196
337.515021800995 5.759742337196
337.920978546143 5.759742337196
338.326442003250 5.759742337196
338.732165336609 5.759742337196
339.138256311417 5.759742337196
339.543456315994 5.759742337196
339.950616121292 5.759742337196
340.356513738632 5.759742337196
340.762482404709 5.759742337196
341.167962551117 5.759742337196
341.574227333069 5.759742337196
341.979133367538 5.759742337196
342.383224248886 5.759742337196
342.787807941437 5.759742337196
343.193731307983 5.759742337196
343.600175857544 5.759742337196
344.007526636124 5.759742337196
344.414726495743 5.759742337196
344.820301055908 5.759742337196
345.226467132568 5.759742337196
345.631866693497 5.759742337196
346.038835525513 5.759742337196
346.444838047028 5.759742337196
346.850849866867 5.759742337196
347.257364511490 5.759742337196
347.663524150848 5.759742337196
348.070559740067 5.759742337196
348.478323698044 5.759742337196
348.885688543320 5.759742337196
349.292504310608 5.759742337196
349.697896003723 5.759742337196
350.102934837341 5.759742337196
350.509601116180 5.759742337196
350.915665149689 5.759742337196
351.322897672653 5.759742337196
351.728412628174 5.759742337196
352.137713193893 5.759742337196
352.543581724167 5.759742337196
352.942191123962 5.759742337196
353.342840194702 5.759742337196
353.742198228836 5.759742337196
354.141561508179 5.759742337196
354.541081905365 5.759742337196
354.940030574799 5.759742337196
355.342680692673 5.759742337196
355.743163585663 5.759742337196
356.143388509750 5.759742337196
356.543873786926 5.759742337196
356.942819118500 5.759742337196
357.343513965607 5.759742337196
357.743449926376 5.759742337196
358.144881248474 5.759742337196
358.549350500107 5.759742337196
358.952457666397 5.759742337196
359.361238002777 5.759742337196
359.764491319656 5.759742337196
360.166529655457 5.759742337196
360.571039199829 5.759742337196
360.974384069443 5.759742337196
361.377522230148 5.759742337196
361.780798912048 5.759742337196
362.185249328613 5.759742337196
362.586173057556 5.759742337196
362.986860752106 5.759742337196
363.392090797424 5.759742337196
363.796484947205 5.759742337196
364.202458143234 5.759742337196
364.606386423111 5.759742337196
365.009405374527 5.759742337196
365.415697574615 5.759742337196
365.820533514023 5.759742337196
366.226255178452 5.759742337196
366.632812261581 5.759742337196
367.039856433868 5.759742337196
367.445731878281 5.759742337196
367.852129459381 5.759742337196
368.258454561234 5.759742337196
368.661014318466 5.759742337196
369.067341566086 5.759742337196
369.508581876755 5.759742337196
369.926232099533 5.759742337196
370.350434780121 5.759742337196
370.760995388031 5.759742337196
371.176272869110 5.759742337196
371.591641902924 5.759742337196
372.005297660828 5.759742337196
372.419448375702 5.759742337196
372.833523273468 5.759742337196
373.244897365570 5.759742337196
373.649290561676 5.759742337196
374.051996469498 5.759742337196
374.456796646118 5.759742337196
374.860893249512 5.759742337196
375.263848543167 5.759742337196
375.667997121811 5.759742337196
376.078762054443 5.759742337196
376.471313953400 5.759742337196
376.861284255981 5.759742337196
377.249775886536 5.759742337196
377.638587951660 5.759742337196
378.028273582458 5.759742337196
378.418392658234 5.759742337196
378.808429241180 5.759742337196
379.198433876038 5.759742337196
379.587360620499 5.759742337196
379.976812362671 5.759742337196
380.366389036179 5.759742337196
380.755371093750 5.759742337196
381.144290208817 5.759742337196
381.533047199249 5.759742337196
381.922338247299 5.759742337196
382.312709331512 5.759742337196
382.702040672302 5.759742337196
383.092064619064 5.759742337196
383.480979919434 5.759742337196
383.869621038437 5.759742337196
384.259954452515 5.759742337196
384.649487495422 5.759742337196
385.039037227631 5.759742337196
385.429427385330 5.759742337196
385.818123102188 5.759742337196
386.210773944855 5.759742337196
386.599455595016 5.759742337196
386.988352298737 5.759742337196
387.378354787827 5.759742337196
387.766959905624 5.759742337196
388.157519340515 5.759742337196
388.546056985855 5.759742337196
388.934115886688 5.759742337196
389.324351310730 5.759742337196
389.713449478149 5.759742337196
390.103677511215 5.759742337196
390.492011070251 5.759742337196
390.881233215332 5.759742337196
391.269677639008 5.759742337196
391.656700372696 5.759742337196
392.044887065887 5.759742337196
392.434000492096 5.759742337196
392.821830272675 5.759742337196
393.210054636002 5.759742337196
393.598058223724 5.759742337196
393.987266778946 5.759742337196
394.377520561218 5.759742337196
394.765884399414 5.759742337196
395.155045747757 5.759742337196
395.544384002686 5.759742337196
395.932638645172 5.759742337196
396.320768833160 5.759742337196
396.708774328232 5.759742337196
397.100636959076 5.759742337196
397.490195274353 5.759742337196
397.878896236420 5.759742337196
398.267871856689 5.759742337196
398.656146049500 5.759742337196
399.044777631760 5.759742337196
399.434105157852 5.759742337196
399.821566343307 5.759742337196
400.210040330887 5.759742337196
400.598506927490 5.759742337196
400.986660718918 5.759742337196
401.376513957977 5.759742337196
401.765144824982 5.759742337196
402.152966737747 5.759742337196
402.541738986969 5.759742337196
402.931687116623 5.759742337196
403.320900440216 5.759742337196
403.709273338318 5.759742337196
404.097923278809 5.759742337196
404.487115859985 5.759742337196
404.875767946243 5.759742337196
405.264211893082 5.759742337196
405.652436256409 5.759742337196
406.040363550186 5.759742337196
406.428167104721 5.759742337196
406.816273927689 5.759742337196
407.203948497772 5.759742337196
407.592578649521 5.759742337196
407.980874300003 5.759742337196
408.370099067688 5.759742337196
