0.848549365997 15.395676822871
1.726892709732 8.887028373037
2.619910478592 6.814453544886
3.481128931046 6.359315691476
4.389712810516 6.081442607173
5.265663623810 5.976000953336
6.200083494186 5.911873245561
7.071999549866 5.858047595831
7.978255748749 5.812414390392
8.923006296158 5.791043568830
9.819610595703 5.781286615797
10.746978521347 5.775146839957
11.665212392807 5.769701811077
12.599702596664 5.766313046377
13.519814014435 5.764377287943
14.471020698547 5.762761748067
15.429131746292 5.761441687235
16.396802663803 5.760910493598
17.357384681702 5.760177956903
18.261294603348 5.760201658114
19.234280824661 5.760165705136
20.119760036469 5.760014146716
21.015766859055 5.759945469183
21.937931299210 5.759872020782
22.909287691116 5.759830117843
23.802793264389 5.759806820885
24.711516618729 5.759831421501
25.660699844360 5.759807309339
26.649338483810 5.759769999547
27.633861064911 5.759769082116
28.532843112946 5.759759360124
29.451879501343 5.759749011297
30.340497493744 5.759754300246
31.289642095566 5.759752221535
32.195664644241 5.759753643841
33.105434417725 5.759752940587
34.056246280670 5.759749354842
34.970868587494 5.759747580451
35.843515872955 5.759745405911
36.720764875412 5.759745144043
37.594738721848 5.759748228766
38.485219001770 5.759745857467
39.425355434418 5.759741521125
40.307422637939 5.759744314208
41.216932296753 5.759746086259
42.119676113129 5.759747357932
43.051373243332 5.759745668533
43.951632976532 5.759748050141
44.869908571243 5.759745178726
45.768364429474 5.759743756164
46.672821998596 5.759744066236
47.596825599670 5.759743957790
48.507961511612 5.759743661437
49.406401395798 5.759743490446
50.351845979691 5.759743043836
51.317843437195 5.759743403500
52.251678943634 5.759743263409
53.142634153366 5.759743085391
54.070088148117 5.759742798701
55.003710508347 5.759743062294
55.953535556793 5.759743048682
56.844192266464 5.759742432204
57.790704250336 5.759742472451
58.690938711166 5.759742590120
59.650254964828 5.759742369803
60.572063446045 5.759742291352
61.522526025772 5.759742093300
62.394843339920 5.759742402017
63.298992633820 5.759742340578
64.258437871933 5.759742362365
65.149207353592 5.759742373924
66.084260702133 5.759742532391
67.034018516541 5.759742798815
68.017446994781 5.759742753366
68.913552284241 5.759742631639
69.902655363083 5.759742361892
70.797898530960 5.759742228275
71.718682765961 5.759742257319
72.731467723846 5.759742305333
73.419530153275 5.759742305333
74.091760873795 5.759742305333
74.770355701447 5.759742305333
75.456048488617 5.759742305333
76.140133619308 5.759742305333
76.818428277969 5.759742305333
77.502226829529 5.759742305333
78.174243927002 5.759742305333
78.849946498871 5.759742305333
79.527042150497 5.759742305333
80.212818384171 5.759742305332
80.889252662659 5.759742305333
81.563354969025 5.759742305333
82.236825942993 5.759742305333
82.904267311096 5.759742305333
83.566893815994 5.759742305333
84.231488943100 5.759742305333
84.891017198563 5.759742305333
85.549914598465 5.759742305333
86.217817306519 5.759742305333
86.881755828857 5.759742305333
87.564688682556 5.759742305333
88.234479904175 5.759742305333
88.903405427933 5.759742305333
89.587179899216 5.759742305333
90.256552457809 5.759742305333
90.930842399597 5.759742305333
91.620017766953 5.759742305333
92.307858943939 5.759742305332
92.979489088058 5.759742305333
93.665433645248 5.759742305332
94.349951028824 5.759742305333
95.025308609009 5.759742305333
95.695520639420 5.759742305333
96.383756399155 5.759742305333
97.070493698120 5.759742305333
97.746921539307 5.759742305333
98.415008544922 5.759742305333
99.087314367294 5.759742305333
99.765824079514 5.759742305333
100.452840805054 5.759742305333
101.147827386856 5.759742305333
101.837758302689 5.759742305333
102.519330024719 5.759742305333
103.204719543457 5.759742305332
103.892742395401 5.759742305333
104.575757741928 5.759742305333
105.263848304749 5.759742305333
105.948501348495 5.759742305333
106.632170200348 5.759742305333
107.320667266846 5.759742305333
107.999033689499 5.759742305333
108.682407140732 5.759742305333
109.369936943054 5.759742305333
110.080266952515 5.759742305333
110.775782823563 5.759742305333
111.465456724167 5.759742305333
112.152105331421 5.759742305333
112.835335969925 5.759742305333
113.521471738815 5.759742305333
114.208459138870 5.759742305333
114.922201156616 5.759742305333
115.603639125824 5.759742305333
116.293681859970 5.759742305333
116.980633735657 5.759742305333
117.673053026199 5.759742305333
118.354747295380 5.759742305333
119.078760623932 5.759742305333
119.752788305283 5.759742305333
120.421095848083 5.759742305333
121.091223001480 5.759742305333
121.770269155502 5.759742305333
122.445092916489 5.759742305333
123.115510463715 5.759742305333
123.785360813141 5.759742305333
124.462934017181 5.759742305333
125.148354530334 5.759742305333
125.832782506943 5.759742305333
126.516336679459 5.759742305333
127.193035602570 5.759742305333
127.892033338547 5.759742305333
128.577826499939 5.759742305333
129.252622127533 5.759742305333
129.942518949509 5.759742305333
130.618988275528 5.759742305333
131.284769535065 5.759742305333
131.981713771820 5.759742305333
132.673517465591 5.759742305333
133.344511985779 5.759742305333
134.019634008408 5.759742305333
134.706184864044 5.759742305333
135.395914793015 5.759742305333
136.075366497040 5.759742305332
136.770741224289 5.759742305333
137.463701248169 5.759742305333
138.138319969177 5.759742305333
138.824325084686 5.759742305333
139.500530481339 5.759742305333
140.173006296158 5.759742305333
140.835640907288 5.759742305333
141.511642456055 5.759742305333
142.196858882904 5.759742305333
142.868708848953 5.759742305333
143.534533262253 5.759742305333
144.201410770416 5.759742305333
144.874348878860 5.759742305333
145.547060012817 5.759742305333
146.216860771179 5.759742305333
146.882114887238 5.759742305333
147.553378343582 5.759742305333
148.240513324738 5.759742305333
148.923522710800 5.759742305333
149.594514131546 5.759742305333
150.274134635925 5.759742305333
150.947991609573 5.759742305333
151.607942819595 5.759742305333
152.274871110916 5.759742305333
152.940133094788 5.759742305333
153.602943897247 5.759742305333
154.267558097839 5.759742305333
154.938879728317 5.759742305333
155.615779638290 5.759742305333
156.296518802643 5.759742305333
156.989858150482 5.759742305333
157.671647787094 5.759742305333
158.367687463760 5.759742305333
159.041357278824 5.759742305333
159.715632200241 5.759742305333
160.390367746353 5.759742305333
161.064942598343 5.759742305333
161.740304231644 5.759742305333
162.419526100159 5.759742305333
163.098326206207 5.759742305333
163.762291193008 5.759742305333
164.444177865982 5.759742305333
165.123211145401 5.759742305333
165.794712066650 5.759742305333
166.476107597351 5.759742305333
167.159595489502 5.759742305333
167.835637092590 5.759742305333
168.517308712006 5.759742305333
169.204989433289 5.759742305333
169.903174877167 5.759742305333
170.577741622925 5.759742305333
171.284653425217 5.759742305333
172.004673242569 5.759742305333
172.673073530197 5.759742305333
173.345172882080 5.759742305333
174.028589963913 5.759742305333
174.717375278473 5.759742305333
175.386707067490 5.759742305333
176.065207481384 5.759742305333
176.740492343903 5.759742305333
177.411331176758 5.759742305333
178.079806327820 5.759742305333
178.747098922729 5.759742305333
179.429119110107 5.759742305333
180.109708786011 5.759742305333
180.785849332809 5.759742305333
181.468857049942 5.759742305333
182.138288736343 5.759742305333
182.810522317886 5.759742305333
183.477736234665 5.759742305333
184.149793624878 5.759742305333
184.820563554764 5.759742305333
185.493676424026 5.759742305333
186.174106836319 5.759742305332
186.844524145126 5.759742305333
187.515132427216 5.759742305333
188.185390233994 5.759742305333
188.851535081863 5.759742305333
189.518654108047 5.759742305333
190.197220325470 5.759742305332
190.864320755005 5.759742305333
191.532390356064 5.759742305333
192.203480482101 5.759742305333
192.876370906830 5.759742305333
193.542650938034 5.759742305334
194.210621118546 5.759742305333
194.882239580154 5.759742305333
195.549319505692 5.759742305333
196.216144800186 5.759742305333
196.883364439011 5.759742305333
197.555355787277 5.759742305333
198.224185466766 5.759742305333
198.889995336533 5.759742305333
199.556824684143 5.759742305333
200.233858108521 5.759742305333
200.903394222260 5.759742305333
201.572196722031 5.759742305333
202.250221014023 5.759742305333
202.943427801132 5.759742305333
203.628582715988 5.759742305333
204.316037893295 5.759742305333
204.996151924133 5.759742305333
205.685651302338 5.759742305333
206.378123760223 5.759742305333
207.067023992538 5.759742305333
207.750090837479 5.759742305333
208.438114881516 5.759742305333
209.124305009842 5.759742305333
209.812045574188 5.759742305333
210.505689144135 5.759742305333
211.189731836319 5.759742305333
211.877650737762 5.759742305333
212.565392017365 5.759742305333
213.251496791840 5.759742305333
213.934018135071 5.759742305333
214.611217975616 5.759742305333
215.297639131546 5.759742305333
215.978986024857 5.759742305333
216.676153421402 5.759742305333
217.357198238373 5.759742305333
218.034746885300 5.759742305333
218.707622766495 5.759742305333
219.380200147629 5.759742305333
220.049360275269 5.759742305333
220.725321054459 5.759742305333
221.400716066360 5.759742305332
222.071980237961 5.759742305333
222.750415563583 5.759742305333
223.421950340271 5.759742305333
224.092483043671 5.759742305333
224.760270595551 5.759742305333
225.430895566940 5.759742305333
226.105532646179 5.759742305333
226.780791759491 5.759742305333
227.474239826202 5.759742305333
228.163915395737 5.759742305333
228.845015287399 5.759742305333
229.525112390518 5.759742305333
230.215157508850 5.759742305333
230.903706073761 5.759742305333
231.590181589127 5.759742305333
232.268010377884 5.759742305333
232.951240062714 5.759742305333
233.642444849014 5.759742305332
234.338401317596 5.759742305333
235.020835399628 5.759742305333
235.698712110519 5.759742305333
236.388313055038 5.759742305333
237.092355012894 5.759742305333
237.783365964890 5.759742305333
238.478043317795 5.759742305333
239.176571369171 5.759742305333
239.867052555084 5.759742305333
240.540112733841 5.759742305333
241.209573507309 5.759742305333
241.887071609497 5.759742305333
242.554728746414 5.759742305333
243.224288702011 5.759742305333
243.891145944595 5.759742305333
244.553844928741 5.759742305333
245.219501495361 5.759742305333
245.894965887070 5.759742305333
246.564506769180 5.759742305333
247.232136011124 5.759742305333
247.900071620941 5.759742305333
248.574354410172 5.759742305333
249.239614248276 5.759742305332
249.926063537598 5.759742305333
250.633439302444 5.759742305332
251.318565368652 5.759742305333
252.002690792084 5.759742305333
252.679215669632 5.759742305333
253.356895685196 5.759742305333
254.045271635056 5.759742305333
254.718053817749 5.759742305333
255.393855810165 5.759742305333
256.087069034576 5.759742305333
256.777441740036 5.759742305333
257.470391511917 5.759742305333
258.160798549652 5.759742305333
258.861158847809 5.759742305333
259.537087917328 5.759742305333
260.207168340683 5.759742305333
260.879652738571 5.759742305333
261.556936740875 5.759742305332
262.228704690933 5.759742305333
262.899051904678 5.759742305333
263.573654890060 5.759742305333
264.253726005554 5.759742305333
264.933644771576 5.759742305333
265.614176750183 5.759742305333
266.298645496368 5.759742305333
266.978085756302 5.759742305333
267.656981468201 5.759742305333
268.341900587082 5.759742305333
269.026898622513 5.759742305333
269.707520484924 5.759742305333
270.379344224930 5.759742305333
271.051269054413 5.759742305333
271.733380317688 5.759742305333
272.413232564926 5.759742305333
273.091605901718 5.759742305333
273.774041652679 5.759742305333
274.445443153381 5.759742305333
275.115672826767 5.759742305333
275.790685892105 5.759742305333
276.461055517197 5.759742305333
277.129676580429 5.759742305333
277.797664642334 5.759742305333
278.469907999039 5.759742305333
279.172738552094 5.759742305333
279.851808547974 5.759742305333
280.530728578568 5.759742305333
281.215617656708 5.759742305333
281.897209405899 5.759742305333
282.566791296005 5.759742305333
283.237027645111 5.759742305333
283.911768198013 5.759742305333
284.591940164566 5.759742305333
285.272048234940 5.759742305333
285.953843355179 5.759742305332
286.629760503769 5.759742305333
287.309522151947 5.759742305333
287.987961769104 5.759742305333
288.670022010803 5.759742305332
289.354642391205 5.759742305333
290.036299228668 5.759742305333
290.706531524658 5.759742305333
291.380103349686 5.759742305333
292.059550762177 5.759742305333
292.738178730011 5.759742305332
293.419684410095 5.759742305333
294.102210283279 5.759742305333
294.771969795227 5.759742305333
295.440940380096 5.759742305333
296.117375612259 5.759742305333
296.787562370300 5.759742305332
297.457874774933 5.759742305333
298.128960609436 5.759742305333
298.802857637405 5.759742305333
299.486742258072 5.759742305333
300.167666912079 5.759742305333
300.849537849426 5.759742305333
301.531300783157 5.759742305333
302.208685398102 5.759742305333
302.879373311996 5.759742305333
303.548322677612 5.759742305333
304.226583242416 5.759742305333
304.906936883926 5.759742305333
305.586553096771 5.759742305333
306.279315233231 5.759742305333
306.960522174835 5.759742305333
307.640330791473 5.759742305333
308.312893152237 5.759742305333
308.986124753952 5.759742305333
309.666817188263 5.759742305333
310.342514514923 5.759742305333
311.011579513550 5.759742305333
311.688185930252 5.759742305333
312.369328737259 5.759742305333
313.044577598572 5.759742305333
313.716663360596 5.759742305333
314.398908376694 5.759742305333
315.078917741776 5.759742305333
315.757542133331 5.759742305333
316.440237998962 5.759742305333
317.123871326447 5.759742305333
317.809714794159 5.759742305333
318.490146160126 5.759742305333
319.169470310211 5.759742305333
319.868636131287 5.759742305333
320.570123672485 5.759742305333
321.281944274902 5.759742305333
321.979496240616 5.759742305333
322.669739484787 5.759742305333
323.357736587524 5.759742305333
324.055741071701 5.759742305333
324.754272222519 5.759742305333
325.476614713669 5.759742305333
326.169411897659 5.759742305333
326.854591369629 5.759742305333
327.567026853561 5.759742305333
328.256272554398 5.759742305333
328.954798460007 5.759742305333
329.646138429642 5.759742305333
330.328694343567 5.759742305332
330.997694015503 5.759742305333
331.668438673019 5.759742305333
332.346088171005 5.759742305333
333.027870416641 5.759742305334
333.726704597473 5.759742305333
334.420718669891 5.759742305333
335.102938413620 5.759742305333
335.784843206406 5.759742305333
336.472841262817 5.759742305333
337.165841341019 5.759742305333
337.848345518112 5.759742305333
338.522282600403 5.759742305333
339.190732240677 5.759742305333
339.865650892258 5.759742305333
340.540217638016 5.759742305332
341.212093353271 5.759742305333
341.884318113327 5.759742305333
342.553498029709 5.759742305333
343.222860336304 5.759742305333
343.890960693359 5.759742305333
344.565252065659 5.759742305333
345.234977483749 5.759742305333
345.903666019440 5.759742305333
346.572497606277 5.759742305333
347.246458768845 5.759742305333
347.926220655441 5.759742305333
348.597951650620 5.759742305333
349.270655632019 5.759742305333
349.942280530930 5.759742305333
350.606157779694 5.759742305333
351.271378517151 5.759742305333
351.940465211868 5.759742305333
352.604850530624 5.759742305333
353.268588066101 5.759742305333
353.931304931641 5.759742305333
354.597868442535 5.759742305333
355.266257047653 5.759742305333
355.929302453995 5.759742305333
356.594333887100 5.759742305333
357.262783527374 5.759742305333
357.924308538437 5.759742305333
358.588280200958 5.759742305333
359.255798339844 5.759742305333
359.930102348328 5.759742305333
360.599790334702 5.759742305333
361.269486904144 5.759742305333
361.943811416626 5.759742305333
362.617097616196 5.759742305333
363.286364078522 5.759742305333
363.955965280533 5.759742305333
364.630743741989 5.759742305333
365.309350252151 5.759742305333
365.993209123611 5.759742305333
366.662363290787 5.759742305333
367.334020614624 5.759742305333
368.003486156464 5.759742305334
368.672200918198 5.759742305333
369.344078779221 5.759742305334
370.020444869995 5.759742305333
370.689461231232 5.759742305333
371.359441757202 5.759742305333
372.031805276871 5.759742305333
372.702615976334 5.759742305333
373.370499849319 5.759742305333
374.039609670639 5.759742305333
374.712903022766 5.759742305333
375.392594337463 5.759742305333
376.074180126190 5.759742305332
376.755233287811 5.759742305333
377.440775871277 5.759742305333
378.119474172592 5.759742305333
378.788617372513 5.759742305333
379.462491035461 5.759742305333
380.141658544540 5.759742305333
380.820987939835 5.759742305333
381.501761436462 5.759742305333
382.182812452316 5.759742305333
382.864260673523 5.759742305333
383.545214176178 5.759742305332
384.227905750275 5.759742305333
384.909353256226 5.759742305333
385.588502407074 5.759742305333
386.264883279800 5.759742305333
386.938425064087 5.759742305333
387.614371538162 5.759742305333
388.296042919159 5.759742305333
388.977109193802 5.759742305333
389.658913850784 5.759742305334
390.335592746735 5.759742305333
391.005461692810 5.759742305333
391.676947355270 5.759742305333
392.352330446243 5.759742305333
393.032543897629 5.759742305333
393.714113712311 5.759742305333
394.388494491577 5.759742305333
395.065311193466 5.759742305333
395.745128154755 5.759742305333
396.424932479858 5.759742305334
397.110016345978 5.759742305333
397.791829109192 5.759742305333
398.464376211166 5.759742305333
399.134067296982 5.759742305333
399.808295011520 5.759742305333
400.478355407715 5.759742305333
401.148925304413 5.759742305333
401.818328380585 5.759742305333
402.491329669952 5.759742305333
403.171621322632 5.759742305333
403.851201772690 5.759742305333
404.535799264908 5.759742305333
405.218656301498 5.759742305333
405.896657466888 5.759742305333
406.564889907837 5.759742305333
407.238183498383 5.759742305333
407.920041084290 5.759742305333
408.609918832779 5.759742305333
409.298099517822 5.759742305333
409.987056493759 5.759742305333
410.656760215759 5.759742305333
411.329190015793 5.759742305333
411.998148441315 5.759742305333
412.675056457520 5.759742305333
413.357194662094 5.759742305333
414.037521362305 5.759742305333
414.710319280624 5.759742305333
415.387511253357 5.759742305333
416.069655179977 5.759742305333
416.748708724976 5.759742305333
417.429826736450 5.759742305333
418.101913690567 5.759742305333
418.771102666855 5.759742305333
419.441999912262 5.759742305333
420.116083621979 5.759742305333
420.796710729599 5.759742305333
421.469248294830 5.759742305333
422.146269798279 5.759742305333
422.809158802032 5.759742305333
423.468848466873 5.759742305333
424.128933429718 5.759742305333
424.792474031448 5.759742305333
425.459427118301 5.759742305333
426.131798267365 5.759742305333
426.792793512344 5.759742305333
427.459825515747 5.759742305333
428.132442712784 5.759742305333
428.791960000992 5.759742305333
429.453054666519 5.759742305333
430.117785930634 5.759742305333
430.778980493546 5.759742305333
431.439775228500 5.759742305333
432.101469278336 5.759742305333
432.764756202698 5.759742305333
433.424865961075 5.759742305333
434.086794137955 5.759742305333
434.752549171448 5.759742305333
435.420977830887 5.759742305333
436.081101655960 5.759742305333
436.740813493729 5.759742305333
437.406569004059 5.759742305333
438.077218532562 5.759742305333
438.735334396362 5.759742305333
439.397065877914 5.759742305333
440.065958261490 5.759742305333
440.724813461304 5.759742305333
441.383544921875 5.759742305333
442.047219276428 5.759742305333
442.714063882828 5.759742305333
443.383251190186 5.759742305333
444.043395280838 5.759742305333
444.709093332291 5.759742305333
445.372112035751 5.759742305333
446.033230066299 5.759742305333
446.693292379379 5.759742305333
447.361359834671 5.759742305333
448.031799793243 5.759742305333
448.694640874863 5.759742305333
449.356867551804 5.759742305333
450.026365995407 5.759742305333
450.685869216919 5.759742305333
451.347315311432 5.759742305333
452.018413543701 5.759742305333
452.693957567215 5.759742305333
453.356295347214 5.759742305333
454.020237922668 5.759742305333
454.690458297729 5.759742305333
455.359549760818 5.759742305333
456.023444175720 5.759742305333
456.686691999435 5.759742305333
457.357918977737 5.759742305333
458.026648998260 5.759742305332
458.687503099442 5.759742305333
459.353645086288 5.759742305333
460.020772933960 5.759742305333
460.683893442154 5.759742305333
461.349206209183 5.759742305332
462.016889810562 5.759742305333
462.692233562469 5.759742305333
463.359048843384 5.759742305333
464.038441658020 5.759742305333
464.727783203125 5.759742305333
465.405086755753 5.759742305332
466.101350784302 5.759742305333
466.786157369614 5.759742305333
467.477114677429 5.759742305333
468.164775848389 5.759742305333
468.848176956177 5.759742305333
469.533084869385 5.759742305333
470.237269401550 5.759742305333
470.925232887268 5.759742305333
471.601288318634 5.759742305333
472.291612863541 5.759742305333
472.978448867798 5.759742305333
473.659578323364 5.759742305333
474.345773458481 5.759742305333
475.029474258423 5.759742305333
475.708971261978 5.759742305333
476.383929491043 5.759742305333
477.055221080780 5.759742305333
477.731482267380 5.759742305333
478.404174327850 5.759742305333
479.075913190842 5.759742305333
479.749180078506 5.759742305333
480.423186540604 5.759742305333
481.103297233582 5.759742305333
481.802770376205 5.759742305333
482.488152265549 5.759742305333
483.161814689636 5.759742305333
483.845965862274 5.759742305333
484.519088268280 5.759742305333
485.195770740509 5.759742305333
485.870581388474 5.759742305333
486.560366153717 5.759742305333
487.244852066040 5.759742305333
487.938297748566 5.759742305333
488.636287450790 5.759742305333
489.337628602982 5.759742305333
490.026806831360 5.759742305333
490.713696002960 5.759742305333
491.400349140167 5.759742305333
492.074613809586 5.759742305333
492.758628845215 5.759742305333
493.444901227951 5.759742305334
494.115777969360 5.759742305333
494.789597034454 5.759742305333
495.477235317230 5.759742305333
496.154119491577 5.759742305333
496.833861827850 5.759742305333
497.508988857269 5.759742305333
498.178922653198 5.759742305332
498.844844102859 5.759742305333
499.513210058212 5.759742305333
500.186164379120 5.759742305333
500.854116678238 5.759742305333
501.521975040436 5.759742305333
502.189821243286 5.759742305333
502.875594854355 5.759742305333
503.545631885529 5.759742305333
504.213406801224 5.759742305333
504.880347728729 5.759742305333
505.558489084244 5.759742305333
506.235049724579 5.759742305332
506.902272462845 5.759742305333
507.575710535049 5.759742305333
508.247973680496 5.759742305333
508.916116714478 5.759742305332
509.586537361145 5.759742305333
510.257646799088 5.759742305333
510.936537027359 5.759742305333
511.615411281586 5.759742305333
512.285190343857 5.759742305333
512.960052013397 5.759742305333
513.638771295547 5.759742305333
514.312437057495 5.759742305333
514.982469558716 5.759742305333
515.658235549927 5.759742305333
516.327413082123 5.759742305333
516.995437383652 5.759742305333
517.666095972061 5.759742305333
518.336395263672 5.759742305333
519.002990007401 5.759742305333
519.673366308212 5.759742305333
520.344706773758 5.759742305333
521.014395952225 5.759742305333
521.682542324066 5.759742305333
522.350424051285 5.759742305333
523.023639440536 5.759742305333
523.689442157745 5.759742305333
524.356875181198 5.759742305333
525.025643110275 5.759742305333
525.693960189819 5.759742305333
526.362581968307 5.759742305333
527.033679246902 5.759742305332
527.705847740173 5.759742305334
528.377857923508 5.759742305333
529.047017812729 5.759742305333
529.716953039169 5.759742305333
530.392744779587 5.759742305333
531.074915170670 5.759742305333
531.754932403564 5.759742305333
532.433457136154 5.759742305333
533.104221105576 5.759742305333
533.774792194366 5.759742305333
534.451798677444 5.759742305333
535.139268398285 5.759742305334
535.815352201462 5.759742305333
536.488541603088 5.759742305333
537.160568714142 5.759742305333
537.836389541626 5.759742305333
538.507880926132 5.759742305333
539.180943489075 5.759742305333
539.853245735168 5.759742305333
540.529636144638 5.759742305333
541.201254844666 5.759742305333
541.870950222015 5.759742305333
542.548179388046 5.759742305333
543.220666885376 5.759742305333
543.890506029129 5.759742305333
544.561084747314 5.759742305333
545.236844539642 5.759742305333
546.002738237381 5.759742305333
546.664831399918 5.759742305333
547.332034111023 5.759742305333
547.996195316315 5.759742305333
548.659733533859 5.759742305333
549.323470115662 5.759742305333
549.985983371735 5.759742305333
550.658264398575 5.759742305334
551.329316616058 5.759742305333
551.991945981979 5.759742305333
552.658203125000 5.759742305333
553.328562259674 5.759742305333
553.993632316589 5.759742305333
554.659020185471 5.759742305333
555.327597618103 5.759742305333
556.001029253006 5.759742305333
556.667550563812 5.759742305333
557.334119319916 5.759742305333
558.002715349197 5.759742305333
558.666750431061 5.759742305333
559.333405733109 5.759742305333
560.000081062317 5.759742305333
560.670553207397 5.759742305333
561.342117786407 5.759742305333
562.004182338715 5.759742305333
562.671415805817 5.759742305334
563.349599361420 5.759742305333
564.011693716049 5.759742305333
564.675073146820 5.759742305333
565.342680931091 5.759742305332
566.017368316650 5.759742305333
566.679981231689 5.759742305333
567.347530126572 5.759742305333
568.015801429749 5.759742305333
568.679366350174 5.759742305333
569.345841407776 5.759742305333
570.012633562088 5.759742305333
570.678231477737 5.759742305333
571.343115568161 5.759742305333
572.008051395416 5.759742305333
572.676136255264 5.759742305333
573.342390060425 5.759742305333
574.005218744278 5.759742305333
574.667857885361 5.759742305333
575.339920759201 5.759742305333
576.002498388290 5.759742305333
576.664566993713 5.759742305333
577.329505443573 5.759742305333
577.997827053070 5.759742305333
578.663661718369 5.759742305333
579.350971698761 5.759742305333
580.036117076874 5.759742305333
580.727635145187 5.759742305333
581.414550304413 5.759742305334
582.098221063614 5.759742305333
582.784271955490 5.759742305333
583.458224296570 5.759742305333
584.132542848587 5.759742305333
584.807137250900 5.759742305333
585.483236312866 5.759742305333
586.156163692474 5.759742305333
586.825144290924 5.759742305332
587.504006624222 5.759742305333
588.176458835602 5.759742305333
588.851174831390 5.759742305333
589.522795438766 5.759742305333
590.199183225632 5.759742305333
590.874423265457 5.759742305334
591.553362131119 5.759742305333
592.218807935715 5.759742305333
592.889056444168 5.759742305333
593.557812452316 5.759742305333
594.223022937775 5.759742305333
594.887366056442 5.759742305333
595.556846857071 5.759742305333
596.223633050919 5.759742305333
596.886828422546 5.759742305333
597.555899381638 5.759742305333
598.223977804184 5.759742305333
598.888656616211 5.759742305333
599.565550804138 5.759742305333
600.239778757095 5.759742305333
600.918767929077 5.759742305333
601.605904102325 5.759742305333
602.286667346954 5.759742305333
602.958378076553 5.759742305333
603.630236625671 5.759742305333
604.297056913376 5.759742305333
604.963073492050 5.759742305333
605.635512351990 5.759742305333
606.315623283386 5.759742305333
606.985111236572 5.759742305333
607.658795118332 5.759742305332
608.329301357269 5.759742305333
608.995749711990 5.759742305333
609.662854909897 5.759742305333
610.334109783173 5.759742305333
611.002730369568 5.759742305333
611.670516729355 5.759742305333
612.336539745331 5.759742305333
613.006784439087 5.759742305333
613.671685695648 5.759742305333
614.337747573853 5.759742305333
615.007424354553 5.759742305333
615.676706314087 5.759742305334
616.343402147293 5.759742305333
617.009693861008 5.759742305333
617.682432889938 5.759742305333
618.354418992996 5.759742305333
619.021269798279 5.759742305333
619.688725948334 5.759742305333
620.362535476685 5.759742305333
621.030301570892 5.759742305333
621.697671890259 5.759742305333
622.365095615387 5.759742305333
623.048963546753 5.759742305333
623.729300022125 5.759742305333
624.405521869659 5.759742305333
625.078361272812 5.759742305333
625.748597145081 5.759742305334
626.421491384506 5.759742305333
627.091471672058 5.759742305333
627.764170646667 5.759742305333
628.443099498749 5.759742305333
629.114687919617 5.759742305333
629.784488439560 5.759742305333
630.458552360535 5.759742305333
631.139363288879 5.759742305332
631.819190263748 5.759742305333
632.501417875290 5.759742305333
633.178233385086 5.759742305333
633.852634429932 5.759742305333
634.521015167236 5.759742305333
635.192075967789 5.759742305333
635.860390901566 5.759742305333
636.526952743530 5.759742305333
637.194338083267 5.759742305333
637.865512847900 5.759742305333
638.535976886749 5.759742305333
639.201411724091 5.759742305333
639.871227979660 5.759742305333
640.542131662369 5.759742305333
641.209584951401 5.759742305332
641.875410795212 5.759742305333
642.545004367828 5.759742305333
643.213941335678 5.759742305333
643.878959417343 5.759742305333
644.545715808868 5.759742305333
645.215617895126 5.759742305333
645.882962465286 5.759742305333
646.548909902573 5.759742305333
647.220588445663 5.759742305333
647.894018173218 5.759742305333
648.560383558273 5.759742305333
649.225054502487 5.759742305333
649.890878677368 5.759742305333
650.560797691345 5.759742305333
651.227833747864 5.759742305333
651.894405126572 5.759742305333
652.563630580902 5.759742305333
653.231850624084 5.759742305333
653.897574186325 5.759742305333
654.563349723816 5.759742305333
655.233059167862 5.759742305333
655.901359796524 5.759742305333
656.568012475967 5.759742305333
657.234184503555 5.759742305333
657.906219244003 5.759742305333
658.572113990784 5.759742305333
659.239302635193 5.759742305333
659.908518791199 5.759742305333
660.576960325241 5.759742305333
661.243839740753 5.759742305333
661.916467905045 5.759742305333
662.596691131592 5.759742305333
663.275513648987 5.759742305333
663.988896131516 5.759742305333
664.676092386246 5.759742305333
665.354007244110 5.759742305333
666.038289070129 5.759742305333
666.711077928543 5.759742305333
667.389775514603 5.759742305333
668.071913003922 5.759742305333
668.767400264740 5.759742305333
669.454174757004 5.759742305333
670.144954919815 5.759742305333
670.827068567276 5.759742305333
671.516018629074 5.759742305333
672.198960542679 5.759742305333
672.885064601898 5.759742305333
673.577821254730 5.759742305333
674.264279603958 5.759742305333
674.940570592880 5.759742305333
675.626341104507 5.759742305333
676.302814960480 5.759742305333
676.987139701843 5.759742305333
677.677500486374 5.759742305333
678.349251508713 5.759742305333
679.020402908325 5.759742305333
679.692404985428 5.759742305333
680.388572931290 5.759742305333
681.066693305969 5.759742305333
681.746200323105 5.759742305333
682.427701950073 5.759742305333
683.111841440201 5.759742305333
683.799854755402 5.759742305333
684.474240064621 5.759742305333
685.143782138824 5.759742305333
685.828956842422 5.759742305333
686.506078004837 5.759742305333
687.177222967148 5.759742305333
687.849074125290 5.759742305333
688.518934488297 5.759742305333
689.197637319565 5.759742305333
689.870316028595 5.759742305333
690.556866168976 5.759742305333
691.236866712570 5.759742305333
691.905505418777 5.759742305333
692.582506418228 5.759742305333
693.261830329895 5.759742305333
693.936720371246 5.759742305333
694.605812549591 5.759742305333
695.278900861740 5.759742305333
