4.637628316879 12.865369463370
9.445195674896 9.348145626564
13.840978384018 8.502465545522
18.367371559143 7.695771199994
22.934640407562 6.976616510551
27.559782028198 6.546431807393
32.401511192322 6.148420962014
37.092503309250 6.036758480780
41.638950109482 5.933412198091
46.134208202362 5.874291240797
50.662146329880 5.843339313940
55.518982172012 5.815318068801
59.937819719315 5.802274126907
64.851485252380 5.788017567968
69.600523471832 5.778401274078
74.127236366272 5.774385823308
78.969633817673 5.772568513772
83.497737884521 5.766780617734
87.976263046265 5.766357822766
92.259224653244 5.765698013302
96.949325323105 5.763989199266
101.594200849533 5.762357297044
106.121977806091 5.762511618759
110.835392236710 5.760511347166
115.537791013718 5.764333181331
120.141623258591 5.762906130879
124.810039520264 5.762854238410
129.272196292877 5.762744552013
134.086481332779 5.762210163820
138.870342493057 5.761979882250
143.450904846191 5.760590965309
148.170392036438 5.760694068515
152.698887586594 5.760750787082
157.091561555862 5.760908894328
161.862134695053 5.760817406705
166.460740804672 5.760398499882
170.935030460358 5.759979825487
175.347112417221 5.760213056713
180.046015501022 5.760229771871
184.678926229477 5.760334214691
189.178955078125 5.760332501035
194.015377044678 5.760142385642
198.974669456482 5.759955587965
203.924275398254 5.760026999791
209.061415672302 5.759941951155
214.039876222610 5.759931774830
219.086828231812 5.759791500689
224.004499197006 5.759881746645
229.175698518753 5.759853839265
234.365873813629 5.759843173532
239.499800443649 5.759777196402
244.756996154785 5.759783948240
249.912802934647 5.759785951248
254.736056804657 5.759801541452
259.666313171387 5.759813876761
264.488364219666 5.759795332927
269.256739616394 5.759800426807
273.996612071991 5.759796054024
278.794902324677 5.759787377439
283.998595237732 5.759759240021
288.739016771317 5.759776390440
293.779538154602 5.759764104502
298.613139152527 5.759756793628
303.849003791809 5.759767208024
308.719425678253 5.759764434474
313.904747009277 5.759760041276
319.768441200256 5.759759713672
324.867328882217 5.759757517424
329.868165254593 5.759758858709
334.910220623016 5.759754772889
340.230387449265 5.759759575707
345.208965539932 5.759757386231
350.032535076141 5.759753786575
354.801789045334 5.759754709005
359.757483959198 5.759745789734
365.067641735077 5.759747270472
370.115067005157 5.759747261863
375.146778821945 5.759748061021
380.365546941757 5.759746813425
385.272750854492 5.759744341236
390.518918037415 5.759743913088
395.477007150650 5.759744294518
400.566052675247 5.759743298654
405.660162210464 5.759743354846
410.635576725006 5.759744536899
415.594380855560 5.759742192327
420.778595924377 5.759743651293
425.689746141434 5.759747279131
430.756218194962 5.759745907927
435.780908346176 5.759745336967
440.983602523804 5.759744033667
446.258465766907 5.759743018324
451.461802005768 5.759742266626
456.719121932983 5.759742386490
462.114256858826 5.759743429236
467.072392702103 5.759741938073
472.065683126450 5.759742911264
476.952991008759 5.759742368285
481.979649066925 5.759742528598
486.936162710190 5.759742883155
492.094416379929 5.759742435348
497.242980957031 5.759742701299
502.708085775375 5.759742891371
507.657670974731 5.759742748683
512.720345497131 5.759742339591
517.945729732513 5.759742567793
523.209991216660 5.759742419590
528.230694770813 5.759742474115
533.469485759735 5.759742381485
538.644940614700 5.759742159549
543.513813018799 5.759742206208
547.600440263748 5.759742206209
551.538729429245 5.759742206208
555.513592243195 5.759742206208
559.622303724289 5.759742206208
563.657929897308 5.759742206208
567.637633562088 5.759742206208
571.646886587143 5.759742206208
575.673991680145 5.759742206208
579.626237630844 5.759742206209
583.723261356354 5.759742206208
587.759952545166 5.759742206209
591.837937593460 5.759742206208
595.827515602112 5.759742206209
599.804875135422 5.759742206209
603.756914615631 5.759742206209
607.739779233932 5.759742206208
611.718815565109 5.759742206208
615.700049877167 5.759742206208
619.744675397873 5.759742206208
623.847958803177 5.759742206208
627.951050996780 5.759742206209
631.917865514755 5.759742206208
636.002490282059 5.759742206208
640.038765192032 5.759742206208
644.005743026733 5.759742206209
647.990160465240 5.759742206208
651.958667278290 5.759742206208
655.885949373245 5.759742206208
659.844642639160 5.759742206208
663.829321146011 5.759742206208
667.784453630447 5.759742206208
671.732252359390 5.759742206208
675.700090646744 5.759742206209
679.675282239914 5.759742206208
683.672079563141 5.759742206208
687.670584440231 5.759742206208
691.677041053772 5.759742206208
695.720566511154 5.759742206208
699.792975425720 5.759742206208
703.793697595596 5.759742206208
707.902353525162 5.759742206208
712.038671255112 5.759742206208
716.097405910492 5.759742206208
720.038324117661 5.759742206209
724.095587730408 5.759742206209
728.157449722290 5.759742206209
732.129037618637 5.759742206209
736.111636877060 5.759742206208
740.204739093781 5.759742206208
744.199982881546 5.759742206208
748.136065483093 5.759742206208
752.116125583649 5.759742206209
756.122435569763 5.759742206208
760.118915319443 5.759742206209
764.148534059525 5.759742206208
768.118246793747 5.759742206208
772.225052595139 5.759742206208
776.281039237976 5.759742206208
780.275510549545 5.759742206209
784.279920339584 5.759742206208
788.275887966156 5.759742206208
792.228138208389 5.759742206208
796.221035718918 5.759742206208
800.234214067459 5.759742206209
804.176125526428 5.759742206208
808.155009031296 5.759742206209
812.159542798996 5.759742206208
816.275452375412 5.759742206208
820.240711450577 5.759742206208
824.299968719482 5.759742206208
828.410526752472 5.759742206208
832.506702899933 5.759742206208
836.448537588120 5.759742206208
840.535358428955 5.759742206208
844.508063316345 5.759742206208
848.621584177017 5.759742206208
852.599237442017 5.759742206208
856.570168972015 5.759742206208
860.476632118225 5.759742206208
864.371219635010 5.759742206208
868.244084596634 5.759742206208
872.054920434952 5.759742206209
875.876715421677 5.759742206208
879.754903316498 5.759742206208
883.745111942291 5.759742206208
887.666041374207 5.759742206208
891.558600187302 5.759742206209
895.483767509460 5.759742206208
899.372225761414 5.759742206208
903.385066747665 5.759742206208
907.402555942535 5.759742206208
911.412514209747 5.759742206208
915.311354398727 5.759742206209
919.253809213638 5.759742206208
923.264712095261 5.759742206208
927.185916662216 5.759742206209
931.098977327347 5.759742206208
935.027275800705 5.759742206208
938.887354135513 5.759742206209
942.708875894547 5.759742206208
946.643747091293 5.759742206208
950.533025026321 5.759742206208
954.542377471924 5.759742206209
958.698704004288 5.759742206208
962.762648820877 5.759742206209
966.717513084412 5.759742206209
970.773143529892 5.759742206209
974.869368076324 5.759742206208
978.848699331284 5.759742206208
982.882374048233 5.759742206209
986.999498367310 5.759742206208
990.938682317734 5.759742206209
994.929700851440 5.759742206208
998.960139989853 5.759742206209
1003.081797122955 5.759742206209
1007.061779260635 5.759742206208
1011.040802478790 5.759742206209
1015.056688547134 5.759742206209
1019.024840593338 5.759742206208
1022.995806217194 5.759742206208
1026.993779182434 5.759742206208
1030.977690696716 5.759742206208
1034.966688632965 5.759742206208
1039.003165960312 5.759742206208
1043.067784070969 5.759742206209
1047.110907554626 5.759742206208
1051.110833883286 5.759742206208
1055.169695138931 5.759742206208
1059.240296125412 5.759742206209
1063.225919485092 5.759742206208
1067.274661064148 5.759742206208
1071.189682722092 5.759742206208
1075.109176397324 5.759742206208
1079.060356378555 5.759742206209
1083.035135984421 5.759742206209
1086.988033056259 5.759742206208
1091.062343358994 5.759742206208
1095.032068252563 5.759742206209
1098.967887401581 5.759742206208
1102.938803672791 5.759742206208
1106.970873594284 5.759742206208
1110.982661724091 5.759742206208
1114.949072360992 5.759742206209
1119.049943208694 5.759742206209
1123.013156414032 5.759742206208
1127.091218233109 5.759742206209
1131.072826862335 5.759742206208
1135.047592163086 5.759742206208
1139.112471580505 5.759742206208
1143.185499906540 5.759742206208
1147.153175830841 5.759742206209
1151.140737056732 5.759742206209
1155.348407983780 5.759742206209
1159.507885217667 5.759742206208
1163.633889913559 5.759742206209
1167.736513614655 5.759742206208
1171.878001928329 5.759742206209
1175.985051870346 5.759742206208
1179.928946495056 5.759742206208
1184.057930469513 5.759742206208
1188.064896345139 5.759742206208
1192.040412425995 5.759742206208
1196.037901639938 5.759742206209
1200.049262046814 5.759742206209
1204.104965209961 5.759742206208
1208.104035615921 5.759742206209
1212.074994087219 5.759742206208
1216.174290180206 5.759742206208
1220.099340438843 5.759742206208
1224.083198070526 5.759742206208
1228.159552574158 5.759742206208
1232.245066642761 5.759742206208
1236.227586507797 5.759742206209
1240.213738918304 5.759742206208
1244.283596992493 5.759742206208
1248.199409008026 5.759742206208
1252.179916620255 5.759742206208
1256.216027975082 5.759742206208
1260.203338146210 5.759742206207
1264.401037216187 5.759742206209
1268.446608543396 5.759742206208
1272.630778551102 5.759742206209
1276.682574510574 5.759742206209
1280.666362762451 5.759742206208
1284.661115884781 5.759742206208
1288.641013145447 5.759742206208
1292.586373806000 5.759742206208
1296.720371961594 5.759742206209
1300.688481330872 5.759742206208
1304.702444076538 5.759742206208
1308.677307844162 5.759742206209
1312.654675483704 5.759742206208
1316.611975193024 5.759742206208
1320.619843244553 5.759742206208
1324.720603704453 5.759742206208
1328.807189226151 5.759742206208
1332.898682832718 5.759742206208
1336.906107902527 5.759742206208
1340.867619991302 5.759742206209
1344.833550214767 5.759742206208
1348.864944934845 5.759742206208
1352.807432889938 5.759742206208
1356.850272178650 5.759742206208
1360.969346523285 5.759742206208
1364.968853712082 5.759742206208
1368.935516834259 5.759742206208
1372.979928255081 5.759742206208
1376.987246990204 5.759742206209
1381.106170177460 5.759742206208
1385.251251459122 5.759742206208
1389.404787540436 5.759742206208
1393.464038610458 5.759742206208
1397.429443597794 5.759742206208
1401.515302896500 5.759742206208
1405.501441240311 5.759742206208
1409.468267679214 5.759742206209
1413.469199180603 5.759742206208
1417.439737081528 5.759742206208
1421.489248991013 5.759742206209
1425.496726036072 5.759742206208
1429.530182361603 5.759742206209
1433.490897178650 5.759742206208
1437.499298095703 5.759742206208
1441.580575466156 5.759742206208
1445.550612211227 5.759742206209
1449.600043296814 5.759742206208
1453.633496761322 5.759742206209
1457.685494184494 5.759742206209
1461.692735195160 5.759742206208
1465.734256267548 5.759742206208
1469.712430715561 5.759742206209
1473.842494010925 5.759742206208
1477.942400693893 5.759742206208
1482.054661750793 5.759742206209
1486.043621778488 5.759742206208
1490.028477668762 5.759742206208
1494.041967630386 5.759742206208
1497.997634649277 5.759742206208
1502.163781881332 5.759742206208
1506.108702659607 5.759742206209
1510.174371957779 5.759742206208
1514.139801025391 5.759742206208
1518.055507659912 5.759742206209
1522.149316310883 5.759742206208
1526.301623344421 5.759742206208
1530.330828666687 5.759742206208
1534.795019865036 5.759742206209
1538.739876747131 5.759742206208
1542.762788295746 5.759742206208
1546.843845129013 5.759742206208
1550.837344646454 5.759742206208
1554.857117176056 5.759742206208
1558.860639810562 5.759742206209
1562.964661836624 5.759742206208
1567.024594306946 5.759742206208
1571.016057014465 5.759742206209
1575.051289558411 5.759742206208
1579.067777395248 5.759742206208
1583.131031036377 5.759742206209
1587.306282043457 5.759742206209
1591.264962196350 5.759742206209
1595.188719272614 5.759742206208
1599.255681276321 5.759742206208
1603.362404108047 5.759742206208
1607.341362237930 5.759742206208
1611.463163137436 5.759742206208
1615.442313909531 5.759742206208
1619.496124982834 5.759742206209
1623.509564399719 5.759742206208
1627.574329853058 5.759742206208
1631.641749620438 5.759742206208
1635.633864402771 5.759742206208
1639.664408922195 5.759742206208
1643.764134407043 5.759742206208
1647.768888235092 5.759742206208
1651.760577678680 5.759742206208
1655.832061052322 5.759742206208
1659.818025112152 5.759742206208
1663.986759424210 5.759742206208
1668.143630266190 5.759742206208
1672.107262849808 5.759742206208
1676.049600601196 5.759742206209
1679.969990730286 5.759742206209
1684.096854686737 5.759742206208
1688.072832345963 5.759742206209
1692.009853601456 5.759742206208
1696.003904819489 5.759742206209
1699.934966087341 5.759742206208
1703.965956687927 5.759742206208
1707.899287700653 5.759742206208
1711.808327436447 5.759742206209
1715.793499946594 5.759742206208
1719.736818075180 5.759742206208
1723.678995132446 5.759742206208
1727.654736042023 5.759742206209
1731.844058752060 5.759742206208
1736.018548965454 5.759742206209
1740.256254911423 5.759742206208
1744.384091138840 5.759742206208
1748.358835458755 5.759742206208
1752.472652673721 5.759742206208
1756.567518949509 5.759742206208
1760.772098064423 5.759742206208
1764.798388242722 5.759742206208
1768.854284048080 5.759742206208
1773.311426877975 5.759742206209
1777.420041084290 5.759742206208
1781.395665168762 5.759742206209
1785.359728097916 5.759742206208
1789.364700078964 5.759742206209
1793.359014272690 5.759742206209
1797.469017028809 5.759742206208
1801.441570997238 5.759742206209
1805.560172557831 5.759742206209
1809.676023960114 5.759742206208
1813.831590652466 5.759742206208
1817.930132150650 5.759742206208
1821.945735216141 5.759742206208
1826.010894298553 5.759742206209
1830.085414648056 5.759742206208
1834.177193164825 5.759742206208
1838.309251785278 5.759742206208
1842.359083890915 5.759742206208
1846.449414491653 5.759742206208
1850.524746894836 5.759742206208
1854.529662609100 5.759742206208
1858.678504705429 5.759742206209
1862.729893207550 5.759742206208
1866.722696065903 5.759742206209
1870.775902271271 5.759742206208
1874.738267183304 5.759742206209
1878.719970464706 5.759742206208
1882.734430551529 5.759742206209
1886.853281497955 5.759742206209
1890.886241197586 5.759742206208
1894.947231769562 5.759742206208
1898.940419673920 5.759742206208
1902.912896394730 5.759742206208
1906.896078348160 5.759742206208
1910.883929491043 5.759742206209
1915.000557184219 5.759742206209
1919.107074499130 5.759742206209
1923.124305009842 5.759742206208
1927.203014850616 5.759742206209
1931.169687509537 5.759742206208
1935.242034673691 5.759742206208
1939.321782588959 5.759742206208
1943.334640502930 5.759742206209
1947.461811542511 5.759742206208
1951.477347612381 5.759742206208
1955.513463735580 5.759742206208
1959.578896760941 5.759742206208
1963.551982402802 5.759742206209
1967.604692935944 5.759742206208
1971.601984262466 5.759742206208
1975.557750225067 5.759742206209
1979.498405456543 5.759742206208
1983.609887838364 5.759742206208
1987.600935697556 5.759742206209
1991.587421894073 5.759742206208
1995.541850805283 5.759742206208
1999.650826931000 5.759742206208
2003.650732755661 5.759742206208
2007.666301012039 5.759742206208
2011.696925640106 5.759742206209
2015.730291843414 5.759742206209
2019.848010778427 5.759742206209
2023.951752185822 5.759742206208
2027.983086824417 5.759742206209
2031.966375112534 5.759742206208
2036.051582098007 5.759742206208
2040.112174749374 5.759742206208
2044.224435806274 5.759742206208
2048.284159183502 5.759742206209
2052.278486251831 5.759742206209
2056.383721590042 5.759742206208
2060.370064496994 5.759742206208
2064.386636018753 5.759742206209
2068.380019187927 5.759742206209
2072.387355327606 5.759742206208
2076.491139650345 5.759742206208
2080.456803560257 5.759742206208
2084.430003404617 5.759742206208
2088.555044889450 5.759742206208
2092.631502866745 5.759742206208
2096.631716012955 5.759742206208
2100.700819969177 5.759742206208
2104.706480979919 5.759742206208
2108.726245880127 5.759742206209
2112.701378583908 5.759742206208
2116.724186897278 5.759742206208
2120.747520446777 5.759742206208
2124.730874300003 5.759742206208
2128.814015626907 5.759742206208
2132.820800065994 5.759742206208
2136.899033069611 5.759742206209
2140.911093711853 5.759742206208
2144.872342824936 5.759742206209
2148.893506765366 5.759742206209
2153.070755004883 5.759742206208
2157.073105573654 5.759742206208
2161.232001781464 5.759742206208
2165.212336540222 5.759742206208
2169.323187112808 5.759742206208
2173.441546916962 5.759742206208
2177.458266496658 5.759742206208
2181.430360078812 5.759742206208
2185.431416749954 5.759742206208
2189.439910650253 5.759742206208
2193.455816507339 5.759742206209
2197.434294462204 5.759742206208
2201.434306621552 5.759742206208
2205.527085065842 5.759742206209
2209.526561260223 5.759742206209
2213.577988624573 5.759742206208
2217.698210716248 5.759742206208
2221.778441429138 5.759742206208
2225.812507867813 5.759742206208
2229.799571275711 5.759742206208
2233.900958776474 5.759742206208
2237.931719064713 5.759742206208
2241.948712825775 5.759742206208
2245.974927425385 5.759742206208
2250.076068639755 5.759742206208
2254.199674129486 5.759742206209
2258.176377058029 5.759742206209
2262.285976648331 5.759742206209
2266.222397327423 5.759742206208
2270.188676357269 5.759742206208
2274.157133579254 5.759742206208
2278.118665456772 5.759742206208
2282.156819581985 5.759742206208
2286.210164308548 5.759742206209
2290.343617200851 5.759742206209
2294.349049806595 5.759742206209
2298.334091424942 5.759742206208
2302.399946212769 5.759742206208
2306.420375585556 5.759742206208
2310.489730119705 5.759742206208
2314.504762411118 5.759742206208
2318.539888858795 5.759742206208
2322.614442825317 5.759742206208
2326.733144760132 5.759742206208
2330.821405887604 5.759742206209
2334.914573907852 5.759742206208
2338.986913442612 5.759742206208
2342.939263582230 5.759742206208
2346.991661787033 5.759742206208
2351.022166013718 5.759742206208
2354.998506307602 5.759742206209
2359.004518747330 5.759742206208
2363.056472778320 5.759742206208
2367.057263612747 5.759742206208
2371.056383609772 5.759742206209
2375.020887613297 5.759742206208
2379.182041883469 5.759742206209
2383.372814655304 5.759742206208
2387.452308416367 5.759742206208
2391.460925102234 5.759742206208
2395.451836347580 5.759742206208
2399.545874357224 5.759742206208
2403.643424987793 5.759742206208
2407.757324695587 5.759742206208
2411.961260557175 5.759742206209
2416.172143697739 5.759742206208
2420.192347288132 5.759742206209
2424.221610784531 5.759742206209
2428.305725574493 5.759742206208
2432.411406755447 5.759742206208
2436.426914453506 5.759742206208
2440.483238220215 5.759742206209
2444.491467952728 5.759742206208
2448.478579759598 5.759742206208
2452.452336788177 5.759742206208
2456.519876956940 5.759742206208
2460.636754989624 5.759742206208
2464.712855100632 5.759742206208
2468.699642181396 5.759742206209
2472.777510166168 5.759742206208
2476.774818420410 5.759742206208
2480.740798473358 5.759742206209
2484.917873620987 5.759742206208
2488.943177700043 5.759742206208
2492.896243572235 5.759742206209
2496.981657981873 5.759742206208
2500.995975732803 5.759742206208
2504.975148916245 5.759742206208
2509.063098907471 5.759742206209
2513.196541786194 5.759742206208
2517.155323266983 5.759742206208
2521.190710067749 5.759742206208
2525.231797933578 5.759742206208
2529.217543125153 5.759742206208
2533.222552299500 5.759742206208
2537.316711425781 5.759742206208
2541.368470907211 5.759742206209
2545.345660686493 5.759742206208
2549.392398595810 5.759742206208
2553.493814229965 5.759742206209
2557.490112543106 5.759742206209
2561.614180803299 5.759742206208
2565.650542259216 5.759742206208
2569.639708042145 5.759742206208
2573.771073579788 5.759742206209
2578.145340919495 5.759742206208
2582.324365377426 5.759742206208
2586.435474157333 5.759742206209
2590.461235284805 5.759742206209
2594.483504056931 5.759742206208
2598.479472637177 5.759742206208
2602.433739662170 5.759742206208
2606.522836685181 5.759742206209
2610.493117809296 5.759742206209
2614.567432880402 5.759742206208
2618.701479911804 5.759742206209
2622.701587200165 5.759742206208
2626.694162368774 5.759742206208
2630.790407896042 5.759742206208
2634.830704212189 5.759742206209
2638.872726202011 5.759742206209
2643.014788627625 5.759742206208
2647.050842761993 5.759742206208
2651.061180114746 5.759742206209
2655.094129800797 5.759742206209
2659.544033765793 5.759742206209
2663.533100366592 5.759742206209
2667.572737693787 5.759742206208
2671.769519567490 5.759742206208
2675.875012874603 5.759742206208
2679.953604936600 5.759742206208
2684.001907348633 5.759742206208
2687.994308471680 5.759742206208
2692.003384828568 5.759742206208
2696.132707357407 5.759742206208
2700.242444038391 5.759742206208
2704.301055908203 5.759742206208
2708.387294292450 5.759742206208
2712.416112184525 5.759742206209
2716.473113775253 5.759742206208
2720.497129917145 5.759742206209
2724.562306165695 5.759742206208
2728.554312705994 5.759742206208
2732.607047080994 5.759742206208
2736.691094398499 5.759742206208
2740.828699111938 5.759742206208
2745.222459077835 5.759742206209
2749.216674566269 5.759742206208
2753.134401559830 5.759742206208
2757.192475318909 5.759742206208
2761.341639280319 5.759742206208
2765.389392852783 5.759742206209
2769.404443264008 5.759742206208
2773.452977657318 5.759742206208
2777.383043766022 5.759742206208
2781.450763940811 5.759742206208
2785.649636507034 5.759742206208
2789.984318733215 5.759742206208
2794.470780134201 5.759742206208
2798.496430397034 5.759742206208
2802.479796171188 5.759742206208
2806.560533523560 5.759742206209
2810.599810361862 5.759742206208
2814.579790830612 5.759742206209
2818.566087484360 5.759742206208
2822.592533588409 5.759742206208
2826.575544357300 5.759742206208
2830.486058712006 5.759742206208
2834.431195735931 5.759742206208
2838.451988935471 5.759742206209
2842.546137332916 5.759742206208
2846.517342329025 5.759742206209
2850.554741144180 5.759742206208
2854.590982437134 5.759742206209
2858.552509307861 5.759742206208
2862.465132713318 5.759742206208
2866.395336151123 5.759742206208
2870.347734689713 5.759742206208
2874.198741674423 5.759742206208
2878.066697597504 5.759742206208
2882.016310691833 5.759742206209
2885.951358079910 5.759742206208
2890.041729450226 5.759742206209
2893.961661577225 5.759742206208
2897.863147497177 5.759742206208
2901.796782970428 5.759742206208
2905.780538082123 5.759742206209
2909.741945505142 5.759742206208
2913.772431135178 5.759742206208
2917.696352005005 5.759742206208
2921.729305505753 5.759742206209
2925.660860300064 5.759742206209
2929.791038036346 5.759742206208
2933.744055986404 5.759742206209
2937.669847726822 5.759742206208
2941.568577528000 5.759742206208
2945.676247596741 5.759742206208
2949.726588487625 5.759742206208
2953.686861276627 5.759742206209
2957.577872037888 5.759742206208
2961.609860658646 5.759742206208
2965.542786598206 5.759742206209
2969.443255186081 5.759742206208
2973.437089681625 5.759742206209
2977.435703516006 5.759742206208
2981.329242944717 5.759742206209
2985.266640424728 5.759742206208
2989.205370426178 5.759742206208
2993.128938913345 5.759742206208
2997.130921602249 5.759742206208
3001.018173217773 5.759742206208
3004.954524755478 5.759742206208
3008.865743160248 5.759742206209
3012.830583333969 5.759742206208
3016.744579315186 5.759742206209
3020.646796226501 5.759742206208
3024.621755599976 5.759742206208
3028.542754888535 5.759742206209
3032.468097448349 5.759742206208
3036.442616224289 5.759742206208
3040.458194732666 5.759742206209
3044.369926214218 5.759742206209
3048.355307579041 5.759742206209
3052.387266397476 5.759742206208
3056.368728876114 5.759742206208
3060.403512239456 5.759742206208
3064.357353448868 5.759742206208
3068.265997171402 5.759742206208
3072.279660463333 5.759742206209
3076.200684309006 5.759742206209
3080.204169273376 5.759742206208
3084.105978965759 5.759742206208
3088.130617380142 5.759742206209
3092.138266324997 5.759742206208
3096.223699331284 5.759742206208
3100.369647741318 5.759742206209
3104.344029426575 5.759742206208
3108.277734041214 5.759742206209
3112.237251758575 5.759742206208
3116.279427051544 5.759742206208
3120.227906465530 5.759742206208
3124.239289283752 5.759742206208
3128.179402112961 5.759742206208
3132.132514476776 5.759742206208
3136.143420457840 5.759742206208
3140.071612596512 5.759742206209
3144.013263225555 5.759742206208
3147.957815408707 5.759742206209
3151.999380826950 5.759742206209
3156.114126682281 5.759742206208
3160.153378725052 5.759742206208
3164.056306362152 5.759742206208
3167.894655704498 5.759742206208
3171.786829471588 5.759742206208
3175.733476638794 5.759742206209
3179.736899614334 5.759742206208
3183.639625549316 5.759742206208
3187.599983692169 5.759742206208
3191.591171503067 5.759742206208
3195.641029357910 5.759742206208
3199.589720964432 5.759742206208
3203.474897861481 5.759742206209
3207.556174039841 5.759742206208
3211.457121849060 5.759742206208
3215.381820917130 5.759742206209
3219.407547712326 5.759742206209
3223.237406969070 5.759742206208
3227.072558164597 5.759742206208
3230.979785919189 5.759742206209
3234.832768678665 5.759742206208
3238.802065610886 5.759742206208
3242.876688718796 5.759742206208
3246.846631050110 5.759742206209
3250.820139646530 5.759742206209
3254.706414937973 5.759742206209
3258.635155439377 5.759742206208
3262.469459533691 5.759742206208
3266.364797115326 5.759742206209
3270.318612098694 5.759742206208
3274.220579385757 5.759742206209
3278.073206663132 5.759742206209
3281.923738241196 5.759742206209
3285.920706272125 5.759742206209
3289.869979619980 5.759742206208
3293.812552690506 5.759742206208
3297.707582235336 5.759742206208
3301.621560811996 5.759742206208
3305.489599943161 5.759742206208
3309.399287462234 5.759742206208
3313.296667814255 5.759742206208
3317.199149131775 5.759742206208
3321.213134527206 5.759742206208
3325.142313241959 5.759742206208
3329.047164440155 5.759742206208
3333.017728328705 5.759742206208
3336.944834709167 5.759742206208
3340.817543029785 5.759742206209
3344.731752634048 5.759742206208
3348.631456136703 5.759742206208
3352.630831003189 5.759742206208
3356.658668756485 5.759742206208
3360.692282438278 5.759742206208
3364.643330097198 5.759742206208
3368.572203159332 5.759742206209
3372.558774471283 5.759742206209
3376.518043994904 5.759742206208
3380.432210445404 5.759742206209
3384.245089530945 5.759742206209
3388.093204498291 5.759742206208
3392.023233652115 5.759742206208
3395.897374391556 5.759742206208
3399.931582689285 5.759742206209
3403.898397207260 5.759742206208
3407.958885431290 5.759742206208
3411.968252658844 5.759742206209
3415.935252189636 5.759742206208
3419.967546224594 5.759742206208
3423.952833652496 5.759742206208
3427.930854320526 5.759742206208
3431.953372478485 5.759742206209
3435.973736286163 5.759742206208
3439.940208673477 5.759742206209
3443.828032255173 5.759742206209
3447.758582353592 5.759742206208
3451.671384334564 5.759742206209
3455.642632246017 5.759742206209
3459.663717508316 5.759742206208
3463.635398626328 5.759742206208
3467.667298555374 5.759742206208
3471.759590387344 5.759742206208
3475.696662664413 5.759742206208
3479.674572229385 5.759742206208
3483.620278596878 5.759742206209
3487.540167093277 5.759742206208
3491.455945491791 5.759742206209
3495.366153955460 5.759742206209
3499.398921728134 5.759742206208
3503.464430570602 5.759742206208
3507.394025087357 5.759742206209
3511.332438945770 5.759742206208
3515.380670547485 5.759742206209
3519.259810209274 5.759742206208
3523.127379417419 5.759742206208
3527.037117242813 5.759742206208
3530.972944498062 5.759742206209
3535.045509576797 5.759742206208
3538.979168653488 5.759742206209
3542.921389341354 5.759742206209
3546.939197778702 5.759742206208
3550.836019515991 5.759742206209
3554.739733934402 5.759742206208
3558.729873895645 5.759742206209
3562.704076528549 5.759742206208
3566.623446226120 5.759742206209
3570.530095815659 5.759742206209
3574.425246477127 5.759742206209
3578.483347892761 5.759742206208
3582.381879806519 5.759742206208
3586.298007488251 5.759742206208
3590.223452329636 5.759742206208
3594.123493194580 5.759742206208
3598.073992490768 5.759742206209
3602.105289936066 5.759742206209
3606.039460897446 5.759742206208
3609.991307973862 5.759742206208
3614.039778232574 5.759742206208
3617.967441082001 5.759742206209
3621.874119997025 5.759742206209
3625.748754501343 5.759742206208
3629.773837089539 5.759742206208
3633.688387870789 5.759742206208
3637.663900852203 5.759742206209
3641.615263938904 5.759742206208
3645.533614873886 5.759742206208
3649.494155645370 5.759742206208
3653.518823623657 5.759742206209
3657.417212963104 5.759742206209
3661.337878465652 5.759742206208
3665.261466503143 5.759742206208
3669.160887718201 5.759742206209
3673.113451719284 5.759742206208
3677.109936475754 5.759742206208
3681.069139957428 5.759742206208
3685.058331727982 5.759742206209
3689.139010906219 5.759742206209
3693.224481821060 5.759742206209
3697.205015182495 5.759742206208
3701.126331567764 5.759742206208
3705.118083715439 5.759742206208
3708.940657615662 5.759742206208
3712.773772239685 5.759742206208
3716.607322692871 5.759742206208
3720.619762182236 5.759742206208
3724.541494607925 5.759742206208
3728.446740150452 5.759742206208
3732.474636077881 5.759742206208
3736.424455881119 5.759742206207
3740.380490541458 5.759742206208
3744.441622972488 5.759742206209
3748.404302597046 5.759742206208
3752.292683601379 5.759742206209
3756.271139860153 5.759742206209
3760.171108007431 5.759742206208
3764.011758327484 5.759742206208
3767.861557722092 5.759742206209
3771.758148908615 5.759742206208
3775.701674222946 5.759742206208
3779.603406429291 5.759742206209
3783.540111303329 5.759742206208
3787.578593254089 5.759742206208
3791.569257736206 5.759742206208
3795.472014904022 5.759742206208
3799.449287414551 5.759742206208
3803.464604616165 5.759742206208
3807.391304492950 5.759742206208
3811.354624748230 5.759742206208
3815.261246204376 5.759742206208
3819.209559679031 5.759742206209
3823.112977027893 5.759742206209
3827.012269258499 5.759742206209
3831.031844139099 5.759742206209
3834.941512584686 5.759742206209
3838.872080802917 5.759742206209
3842.888754844666 5.759742206208
3846.907472372055 5.759742206209
3850.784985542297 5.759742206208
3854.790664911270 5.759742206208
3858.855839967728 5.759742206209
3862.926630020142 5.759742206209
3866.870837688446 5.759742206208
3870.902870178223 5.759742206208
3874.858283758163 5.759742206209
3878.793159961700 5.759742206208
3882.891439676285 5.759742206208
3886.800489902496 5.759742206208
3890.672083377838 5.759742206209
3894.602224826813 5.759742206208
3898.554169178009 5.759742206209
3902.656868696213 5.759742206209
3906.615024328232 5.759742206208
3910.589982509613 5.759742206209
3914.531831502914 5.759742206208
3918.471876621246 5.759742206208
3922.516548156738 5.759742206209
3926.445828914642 5.759742206208
3930.451033592224 5.759742206209
3934.437629461288 5.759742206208
3938.353289365768 5.759742206208
3942.316218137741 5.759742206209
3946.267695188522 5.759742206209
3950.322687625885 5.759742206208
3954.274784803391 5.759742206209
3958.163058519363 5.759742206208
3962.095469951630 5.759742206209
3966.164216041565 5.759742206209
3970.166891336441 5.759742206209
3974.066560506821 5.759742206208
3977.954679489136 5.759742206208
3981.976798772812 5.759742206208
3985.920040845871 5.759742206209
3989.799869775772 5.759742206208
3993.673136949539 5.759742206208
3997.581928968430 5.759742206209
4001.464895248413 5.759742206208
4005.382488012314 5.759742206208
4009.414384365082 5.759742206208
4013.329099893570 5.759742206208
4017.234227657318 5.759742206208
4021.082927942276 5.759742206209
4025.019002437592 5.759742206209
4028.884234189987 5.759742206208
4032.760012149811 5.759742206209
4036.658687114716 5.759742206209
4040.663393497467 5.759742206209
4044.605439662933 5.759742206208
4048.603309869766 5.759742206208
4052.621506452560 5.759742206208
4056.559407234192 5.759742206208
4060.499243974686 5.759742206208
4064.514894008636 5.759742206208
4068.342502593994 5.759742206208
4072.209652662277 5.759742206208
4076.205729007721 5.759742206209
4080.120136499405 5.759742206208
4084.161934137344 5.759742206209
4088.068364381790 5.759742206208
4092.000788927078 5.759742206208
4095.916527748108 5.759742206209
4099.849485874176 5.759742206208
4103.827277183533 5.759742206208
