12.751469850540 17.747448442638
25.637203216553 8.279734367629
38.418023586273 7.090820311678
51.831877708435 6.666830851006
65.047952175140 6.386609489198
78.086623907089 6.286686991223
90.887041807175 6.232526244747
104.437119245529 6.182819658472
118.065035820007 6.142058461756
131.130765438080 6.115259990354
145.190685033798 6.086864019980
158.593695878983 6.075063660329
172.663492202759 6.056110786021
186.930347681046 6.025882304014
200.553437948227 5.938869656192
213.606128931046 5.901843743222
226.937179327011 5.817895761801
240.661781549454 5.798992222869
254.096834659576 5.797382163149
267.122843742371 5.765433128642
280.762975454330 5.765990052493
295.012135744095 5.761200188947
308.478970766068 5.764122842375
322.070868730545 5.765266366132
335.383074045181 5.763330924775
348.462683200836 5.761797190432
361.679034233093 5.764251663273
375.816423416138 5.761708421057
388.645345926285 5.762472388284
401.390454292297 5.761981239717
415.541462182999 5.762052632360
428.877161264420 5.760784425727
442.152598381042 5.761817695851
455.715675354004 5.760572677485
468.935516595840 5.761432425960
482.255255222321 5.761528491515
496.124353885651 5.761358707498
509.126971244812 5.761450993873
523.335224866867 5.760006171398
537.391159772873 5.759869643306
551.447747468948 5.759655951274
565.567315578461 5.759774583932
578.361610889435 5.760001533063
591.630921363831 5.759734853322
605.289875030518 5.759982013132
619.054483890533 5.759960137128
632.281012773514 5.759921524861
645.758520841599 5.760000480957
658.713677406311 5.759892874184
671.118862390518 5.759959287695
684.121590375900 5.759901139507
697.824231624603 5.759800323497
711.104379177094 5.759775074564
724.557821035385 5.759812314901
737.145172595978 5.759808134305
750.342885732651 5.759819127524
763.590729236603 5.759816185527
776.943898677826 5.759807663703
790.825752973557 5.759782890684
804.013582944870 5.759784224566
817.235210657120 5.759789928813
831.065750360489 5.759769720151
844.230247735977 5.759754288580
858.506916522980 5.759750068845
871.680323362350 5.759749025136
884.953041076660 5.759751453272
898.466359138489 5.759755586913
912.076242685318 5.759744471250
925.201759338379 5.759753027984
938.191329240799 5.759756229434
952.000331401825 5.759752326010
965.998674869537 5.759746876440
979.238853454590 5.759744347164
993.024925708771 5.759755550397
1007.061316013336 5.759747232164
1020.443176507950 5.759746204726
1034.313488006592 5.759740802861
1047.874040842056 5.759743417142
1061.928035974503 5.759743679831
1075.759919404984 5.759743594919
1088.404829978943 5.759743517255
1102.116297721863 5.759741283991
1115.304199457169 5.759741761005
1128.351152658463 5.759743176644
1141.248601913452 5.759743197095
1154.939321994781 5.759742661521
1168.420205354691 5.759742640059
1181.907549619675 5.759742521700
1195.271342515945 5.759742334904
1207.535865306854 5.759742628590
1218.349921941757 5.759742628590
1229.203875064850 5.759742628590
1239.899883985519 5.759742628590
1250.943818092346 5.759742628590
1261.602007627487 5.759742628590
1272.529768228531 5.759742628590
1283.521183490753 5.759742628590
1294.448871612549 5.759742628590
1305.174744844437 5.759742628590
1316.334086418152 5.759742628590
1327.405957460403 5.759742628590
1338.162505149841 5.759742628590
1348.906904697418 5.759742628590
1359.634450435638 5.759742628590
1370.424464941025 5.759742628591
1381.100043773651 5.759742628590
1391.743537664413 5.759742628590
1402.504359006882 5.759742628590
1413.239345073700 5.759742628590
1423.941392421722 5.759742628590
1434.737281084061 5.759742628591
1445.564691543579 5.759742628590
1456.429588079453 5.759742628591
1466.899918794632 5.759742628590
1477.564030408859 5.759742628591
1488.051145553589 5.759742628590
1498.833966255188 5.759742628590
1509.634058237076 5.759742628590
1520.379885911942 5.759742628590
1531.281951427460 5.759742628590
1542.111843109131 5.759742628591
1553.162227630615 5.759742628590
1564.460005283356 5.759742628590
1575.307146787643 5.759742628591
1586.215204000473 5.759742628590
1596.983877182007 5.759742628590
1607.897046804428 5.759742628590
1618.796195983887 5.759742628590
1629.455972671509 5.759742628590
1640.373881340027 5.759742628590
1651.220451354980 5.759742628590
1662.046050071716 5.759742628591
1673.021463871002 5.759742628591
1683.803300619125 5.759742628591
1694.735066890717 5.759742628590
1705.455254554749 5.759742628591
1716.115717172623 5.759742628590
1726.681555509567 5.759742628589
1737.441634893417 5.759742628590
1748.396442890167 5.759742628590
1759.227651834488 5.759742628590
1769.962308883667 5.759742628590
1780.682294130325 5.759742628590
1791.351215362549 5.759742628590
1802.131030321121 5.759742628590
1813.070929527283 5.759742628590
1823.940320968628 5.759742628590
1834.897620677948 5.759742628590
1845.846511125565 5.759742628590
1856.727892875671 5.759742628590
1867.446680068970 5.759742628590
1878.333661556244 5.759742628591
1889.227107524872 5.759742628590
1899.850793361664 5.759742628591
1910.772225856781 5.759742628591
1921.569096565247 5.759742628590
1932.409396648407 5.759742628590
1943.394853115082 5.759742628591
1954.405456781387 5.759742628590
1965.300183296204 5.759742628591
1976.086030006409 5.759742628590
1986.896684885025 5.759742628591
1997.806775093079 5.759742628589
2008.665196180344 5.759742628590
2019.673277139664 5.759742628590
2030.559776782990 5.759742628590
2041.394999742508 5.759742628590
2052.144613265991 5.759742628591
2063.027289152145 5.759742628591
2073.815967082977 5.759742628590
2084.575998783112 5.759742628590
2095.412998199463 5.759742628590
2106.279873132706 5.759742628590
2117.172264337540 5.759742628590
2128.151246786118 5.759742628590
2138.846974849701 5.759742628590
2149.831207513809 5.759742628590
2160.595779418945 5.759742628590
2171.675135374069 5.759742628590
2182.415365934372 5.759742628590
2193.128853082657 5.759742628590
2204.179951429367 5.759742628590
2215.140559673309 5.759742628590
2225.929306507111 5.759742628590
2236.658753395081 5.759742628590
2247.494118452072 5.759742628590
2258.295430183411 5.759742628590
2269.069860696793 5.759742628590
2280.226368665695 5.759742628591
2291.202760219574 5.759742628590
2302.158730745316 5.759742628591
2313.037857532501 5.759742628590
2323.769377708435 5.759742628590
2334.494463443756 5.759742628590
2345.510167121887 5.759742628590
2356.468333959579 5.759742628590
2367.560158491135 5.759742628590
2378.494274854660 5.759742628590
2389.174585819244 5.759742628590
2399.904021978378 5.759742628590
2410.599514961243 5.759742628590
2421.690616846085 5.759742628590
2432.442084312439 5.759742628590
2443.222163915634 5.759742628590
2454.585795640945 5.759742628590
2465.690541267395 5.759742628590
2476.456041336060 5.759742628590
2487.468466997147 5.759742628589
2498.156723976135 5.759742628590
2508.866608142853 5.759742628590
2519.656433105469 5.759742628590
2530.969734668732 5.759742628590
2541.599222660065 5.759742628590
2552.763486385345 5.759742628590
2563.529183864594 5.759742628590
2574.501296758652 5.759742628591
2585.784441709518 5.759742628590
2596.466295003891 5.759742628589
2607.312086343765 5.759742628590
2617.970141649246 5.759742628590
2628.673253536224 5.759742628591
2639.141113281250 5.759742628590
2649.681840181351 5.759742628590
2660.303150653839 5.759742628591
2670.906744003296 5.759742628590
2681.427026748657 5.759742628590
2691.907820940018 5.759742628590
2702.376596450806 5.759742628591
2712.944380998611 5.759742628590
2723.730647325516 5.759742628591
2734.446599006653 5.759742628590
2745.035009622574 5.759742628590
2755.594707012177 5.759742628590
2766.281565904617 5.759742628590
2776.881665468216 5.759742628590
2787.365773677826 5.759742628590
2797.839823961258 5.759742628590
2808.425723791122 5.759742628590
2819.038410902023 5.759742628590
2829.631731510162 5.759742628590
2840.281898021698 5.759742628589
2850.924111366272 5.759742628590
2861.473033428192 5.759742628590
2871.907553434372 5.759742628590
2882.636793613434 5.759742628591
2893.542755365372 5.759742628590
2904.212423324585 5.759742628591
2914.985529184341 5.759742628590
2925.574374198914 5.759742628591
2936.353638410568 5.759742628590
2947.003574848175 5.759742628591
2957.391892194748 5.759742628590
2967.901947736740 5.759742628590
2978.468118429184 5.759742628591
2988.963750839233 5.759742628590
2999.543584108353 5.759742628590
3010.137062311172 5.759742628590
3020.442539691925 5.759742628591
3031.197983026505 5.759742628591
3041.590601444244 5.759742628590
3051.993990182877 5.759742628590
3062.446743249893 5.759742628590
3072.860801458359 5.759742628591
3083.494358539581 5.759742628590
3093.925138235092 5.759742628590
3104.327570915222 5.759742628590
3114.834027051926 5.759742628590
3125.353468418121 5.759742628591
3135.925935029984 5.759742628590
3146.350874900818 5.759742628591
3156.905807733536 5.759742628590
3167.509465456009 5.759742628590
3178.059629917145 5.759742628591
3188.587612628937 5.759742628591
3199.163517713547 5.759742628591
3209.792739152908 5.759742628590
3220.219856739044 5.759742628590
3230.761551618576 5.759742628591
3241.142549753189 5.759742628590
3251.667537927628 5.759742628590
3262.394412994385 5.759742628590
3273.193259954453 5.759742628590
3283.712111234665 5.759742628590
3294.537384986877 5.759742628590
3305.172762155533 5.759742628590
3315.772818088531 5.759742628590
3326.463525056839 5.759742628591
3337.105694055557 5.759742628590
3347.736056804657 5.759742628590
3358.290262222290 5.759742628590
3368.761245965958 5.759742628590
3379.214268684387 5.759742628590
3389.789991378784 5.759742628590
3400.561399459839 5.759742628591
3411.112038612366 5.759742628591
3421.657851696014 5.759742628590
3432.242467164993 5.759742628590
3442.842847108841 5.759742628590
3453.251000404358 5.759742628590
3463.845250368118 5.759742628590
3474.464203834534 5.759742628590
3485.182581186295 5.759742628591
3495.707991361618 5.759742628590
3506.234528303146 5.759742628590
3516.778047323227 5.759742628590
3527.395198583603 5.759742628591
3537.918208837509 5.759742628590
3548.344772577286 5.759742628591
3558.647796869278 5.759742628590
3569.195462942123 5.759742628590
3579.728754043579 5.759742628591
3590.276883602142 5.759742628591
3600.779521226883 5.759742628591
3611.308341979980 5.759742628590
3621.957761287689 5.759742628590
3632.551796913147 5.759742628591
3643.095942735672 5.759742628589
3653.777041435242 5.759742628590
3664.313107967377 5.759742628590
3674.949563741684 5.759742628591
3685.586863279343 5.759742628591
3696.180593729019 5.759742628590
3706.806371450424 5.759742628590
3717.424655914307 5.759742628590
3727.904881954193 5.759742628590
3738.445857763290 5.759742628590
3749.134808778763 5.759742628590
3759.842451334000 5.759742628591
3770.456474542618 5.759742628590
3780.913083791733 5.759742628590
3791.412765979767 5.759742628590
3801.876275062561 5.759742628590
3812.344991683960 5.759742628591
3822.875804185867 5.759742628590
3833.472491264343 5.759742628590
3844.017303943634 5.759742628590
3854.644469976425 5.759742628590
3865.041182279587 5.759742628590
3875.561550140381 5.759742628590
3886.097658395767 5.759742628591
3896.941221237183 5.759742628590
3908.021854400635 5.759742628590
3919.333907365799 5.759742628590
3930.406972885132 5.759742628590
3941.055957317352 5.759742628590
3950.643968105316 5.759742628590
3960.393558263779 5.759742628590
3969.844918966293 5.759742628590
3979.519762992859 5.759742628591
3988.938355922699 5.759742628591
3998.440102815628 5.759742628590
4008.263355493546 5.759742628590
4018.149740934372 5.759742628590
4027.944499492645 5.759742628590
4037.516860723495 5.759742628590
4047.009620666504 5.759742628590
4056.374375820160 5.759742628590
4065.741866350174 5.759742628590
4075.411068677902 5.759742628590
4085.048525094986 5.759742628590
4094.840703964233 5.759742628591
4104.783470630646 5.759742628590
4114.632587909698 5.759742628591
4124.251101255417 5.759742628590
4133.811406850815 5.759742628591
4143.303819417953 5.759742628590
4152.873857975006 5.759742628591
4162.597769260406 5.759742628590
4172.083654165268 5.759742628590
4181.754502296448 5.759742628590
4191.604417085648 5.759742628591
4201.393017768860 5.759742628590
4211.142377138138 5.759742628590
4220.812377929688 5.759742628590
4230.515356779099 5.759742628590
4240.178878784180 5.759742628590
4249.834767580032 5.759742628591
4259.459769725800 5.759742628590
4269.131900787354 5.759742628590
4278.906809568405 5.759742628590
4288.476756334305 5.759742628590
4298.029160261154 5.759742628590
4307.707397460938 5.759742628590
4317.397565364838 5.759742628591
4327.163735866547 5.759742628591
4336.913927555084 5.759742628590
4346.581350088120 5.759742628590
4356.297478199005 5.759742628591
4366.160944223404 5.759742628591
4375.852342605591 5.759742628590
4385.605243444443 5.759742628590
4395.102420568466 5.759742628591
4404.626294612885 5.759742628591
4414.173000097275 5.759742628590
4423.723220348358 5.759742628590
4433.302550077438 5.759742628590
4443.103590965271 5.759742628591
4452.854420661926 5.759742628590
4462.549860715866 5.759742628590
4472.200618028641 5.759742628591
4481.705139160156 5.759742628590
4491.427294254303 5.759742628590
4501.048760414124 5.759742628590
4510.832663059235 5.759742628591
4520.505509138107 5.759742628591
4530.218969345093 5.759742628590
4539.974759817123 5.759742628590
4549.752118110657 5.759742628590
4559.495468854904 5.759742628590
4569.302858591080 5.759742628591
4578.890855789185 5.759742628591
4588.623115777969 5.759742628590
4598.442888259888 5.759742628590
4608.137377738953 5.759742628590
4617.963198661804 5.759742628591
4627.738070487976 5.759742628590
4637.378932952881 5.759742628591
4646.992239475250 5.759742628591
4656.612037420273 5.759742628590
4666.260547161102 5.759742628590
4675.839147806168 5.759742628590
4685.434387922287 5.759742628590
4695.039516687393 5.759742628590
4704.796219348907 5.759742628590
4714.287631511688 5.759742628590
4723.870513200760 5.759742628590
4733.534217834473 5.759742628590
4743.257446289062 5.759742628591
4752.926816940308 5.759742628591
4762.556524515152 5.759742628590
4772.181438684464 5.759742628591
4781.886173009872 5.759742628590
4791.760970592499 5.759742628591
4801.473145723343 5.759742628590
4811.194746971130 5.759742628591
4820.912224292755 5.759742628590
4830.749261379242 5.759742628590
4840.468056917191 5.759742628591
4850.201197624207 5.759742628590
4859.884896278381 5.759742628590
4869.393660545349 5.759742628590
4879.334102630615 5.759742628590
4889.222269296646 5.759742628590
4898.915861368179 5.759742628590
4908.546308755875 5.759742628590
4918.208690881729 5.759742628591
4928.001002073288 5.759742628591
4937.839496850967 5.759742628591
4947.518362998962 5.759742628590
4957.253903150558 5.759742628590
4967.102617502213 5.759742628591
4976.622185945511 5.759742628590
4986.205846309662 5.759742628590
4995.915322303772 5.759742628591
5005.848207235336 5.759742628590
5015.470808744431 5.759742628590
5025.100097179413 5.759742628590
5034.561395883560 5.759742628590
5044.081381320953 5.759742628590
5053.639326334000 5.759742628590
5063.112628221512 5.759742628590
5072.558116436005 5.759742628591
5082.092823505402 5.759742628590
5091.561583518982 5.759742628590
5101.130952596664 5.759742628590
5110.603203296661 5.759742628590
5120.169013977051 5.759742628590
5129.983292818069 5.759742628590
5139.932408332825 5.759742628590
5149.649461030960 5.759742628591
5159.345456123352 5.759742628591
5169.154938459396 5.759742628590
5178.736341714859 5.759742628590
5188.543466329575 5.759742628590
5198.454239368439 5.759742628590
5208.027375936508 5.759742628590
5217.961195230484 5.759742628590
5227.608740806580 5.759742628590
5237.334508657455 5.759742628590
5247.113617181778 5.759742628590
5256.911436796188 5.759742628590
5266.490800857544 5.759742628591
5276.194916486740 5.759742628590
5285.872277975082 5.759742628590
5295.602584123611 5.759742628590
5304.996278285980 5.759742628590
5314.466518163681 5.759742628590
5324.245174884796 5.759742628591
5333.930679082870 5.759742628589
5343.560805559158 5.759742628590
5353.228567838669 5.759742628590
5362.831428766251 5.759742628590
5372.323486566544 5.759742628591
5381.779042243958 5.759742628591
5391.407138586044 5.759742628590
5400.964043140411 5.759742628590
5410.615441560745 5.759742628591
5420.122192144394 5.759742628590
5429.639826059341 5.759742628590
5439.495417118073 5.759742628590
5449.165667772293 5.759742628590
5458.891638278961 5.759742628590
5468.459169149399 5.759742628591
5477.957045793533 5.759742628590
5487.436737060547 5.759742628590
5497.306028604507 5.759742628590
5506.970838546753 5.759742628590
5516.730185747147 5.759742628591
5526.496117353439 5.759742628591
5536.239300012589 5.759742628590
5546.076957225800 5.759742628590
5555.755030632019 5.759742628590
5565.262935161591 5.759742628591
5574.812724828720 5.759742628589
5584.350509166718 5.759742628591
5593.937954425812 5.759742628590
5603.816067457199 5.759742628590
5613.300453662872 5.759742628591
5622.937608003616 5.759742628591
5632.792976140976 5.759742628590
5642.400768995285 5.759742628590
5652.089582204819 5.759742628590
5661.756238698959 5.759742628590
5671.661454916000 5.759742628591
5681.226803541183 5.759742628590
5690.987251758575 5.759742628590
5700.567852258682 5.759742628590
5710.111882686615 5.759742628591
5719.950697183609 5.759742628591
5729.541338443756 5.759742628591
5739.270879507065 5.759742628590
5749.162190437317 5.759742628590
5759.189640760422 5.759742628590
5768.797032117844 5.759742628590
5778.288918495178 5.759742628591
5787.934801816940 5.759742628589
5797.467798233032 5.759742628590
5806.896504163742 5.759742628590
5816.528676986694 5.759742628591
5826.122684001923 5.759742628590
5835.705529689789 5.759742628590
5845.349644899368 5.759742628591
5854.931927442551 5.759742628590
5864.629032135010 5.759742628590
5874.194032669067 5.759742628590
5883.748504400253 5.759742628590
5893.253707408905 5.759742628591
5902.711053371429 5.759742628590
5912.415356636047 5.759742628591
5921.946101427078 5.759742628590
5931.558118343353 5.759742628590
5941.197804450989 5.759742628591
5950.905253648758 5.759742628590
5960.491947650909 5.759742628591
5970.121841430664 5.759742628591
5979.632378339767 5.759742628591
5989.154666423798 5.759742628590
5998.749971389771 5.759742628590
6008.272342205048 5.759742628590
6017.773031949997 5.759742628590
6027.324195146561 5.759742628590
6037.002183437347 5.759742628591
6046.501899719238 5.759742628591
6055.974640130997 5.759742628590
6065.475762128830 5.759742628590
6075.074611902237 5.759742628590
6084.673393964767 5.759742628591
6094.332563161850 5.759742628590
6103.807367086411 5.759742628590
6113.243259906769 5.759742628591
6122.824471950531 5.759742628590
6132.442484855652 5.759742628590
6141.986806392670 5.759742628590
6151.425622701645 5.759742628590
6161.257718563080 5.759742628590
6170.999869585037 5.759742628590
6180.531061172485 5.759742628590
6189.967878580093 5.759742628590
6199.540788650513 5.759742628590
6209.303420066833 5.759742628590
6219.080047130585 5.759742628590
6228.736807823181 5.759742628590
6238.308275938034 5.759742628591
6247.898155212402 5.759742628590
6257.509671688080 5.759742628590
6267.208161830902 5.759742628590
6277.019226074219 5.759742628591
6286.470765829086 5.759742628590
6296.038683652878 5.759742628591
6305.745443105698 5.759742628591
6315.426133155823 5.759742628590
6325.148611068726 5.759742628590
6334.723792076111 5.759742628590
6344.309680700302 5.759742628590
6353.994210004807 5.759742628589
6363.714585781097 5.759742628590
6373.346526145935 5.759742628590
6382.985741376877 5.759742628590
6392.657584667206 5.759742628591
6402.263128757477 5.759742628590
6412.104801177979 5.759742628590
6421.868880510330 5.759742628591
6431.735504388809 5.759742628591
6441.551885604858 5.759742628590
6451.106592655182 5.759742628591
6460.575615882874 5.759742628591
6469.998710155487 5.759742628590
6479.543701887131 5.759742628590
6489.187536954880 5.759742628590
6498.785452127457 5.759742628590
6508.585935115814 5.759742628591
6518.303917884827 5.759742628590
6527.960517883301 5.759742628591
6537.452406167984 5.759742628590
6547.034350872040 5.759742628590
6556.498255729675 5.759742628590
6566.014064550400 5.759742628590
6575.447845458984 5.759742628589
6584.927521228790 5.759742628590
6594.483463287354 5.759742628590
6604.127415895462 5.759742628590
6613.755282878876 5.759742628590
6623.363762855530 5.759742628590
6632.960478544235 5.759742628591
6642.493154764175 5.759742628591
6652.034671545029 5.759742628590
6661.727373361588 5.759742628590
6671.597011327744 5.759742628590
6681.282085895538 5.759742628590
6690.830308675766 5.759742628591
6700.615782976151 5.759742628590
6710.293025016785 5.759742628590
6720.014503479004 5.759742628591
6729.535737991333 5.759742628590
6738.961273908615 5.759742628590
6748.423618555069 5.759742628590
6757.939617395401 5.759742628590
6767.560271263123 5.759742628590
6777.168209552765 5.759742628590
6786.862275838852 5.759742628590
6796.338173627853 5.759742628590
6805.989874601364 5.759742628591
6815.569992542267 5.759742628590
6825.029788732529 5.759742628590
6834.491865158081 5.759742628590
6843.954996109009 5.759742628590
6853.520978450775 5.759742628590
6863.256231307983 5.759742628591
6872.943788051605 5.759742628590
6882.480673789978 5.759742628590
6892.133907318115 5.759742628591
6901.660760641098 5.759742628590
6911.189783096313 5.759742628591
6920.743674278259 5.759742628590
6930.365835428238 5.759742628590
6940.127997875214 5.759742628590
6949.762338161469 5.759742628590
6959.473534584045 5.759742628591
6969.249029636383 5.759742628590
6978.928175926208 5.759742628590
6988.361009359360 5.759742628591
6997.856391906738 5.759742628591
7007.325073003769 5.759742628591
7017.054846525192 5.759742628590
7026.734233617783 5.759742628589
7036.320287704468 5.759742628590
7045.947386264801 5.759742628590
7055.642158508301 5.759742628590
7065.095557212830 5.759742628591
7074.611867189407 5.759742628590
7084.334386587143 5.759742628591
7094.051699399948 5.759742628591
7103.893783330917 5.759742628591
7113.643416881561 5.759742628590
7123.182798147202 5.759742628590
7132.701924800873 5.759742628590
7142.487095832825 5.759742628590
7152.180928945541 5.759742628590
7161.761141777039 5.759742628591
7171.305432081223 5.759742628591
7180.931832075119 5.759742628590
7190.505542755127 5.759742628590
7200.081490755081 5.759742628590
7209.824835300446 5.759742628590
7219.559852600098 5.759742628590
7229.256367444992 5.759742628590
7239.007184982300 5.759742628590
7248.649834394455 5.759742628590
7258.203643321991 5.759742628590
7267.738798856735 5.759742628591
7277.382962465286 5.759742628590
7287.017737150192 5.759742628591
7296.742450475693 5.759742628590
7306.323159217834 5.759742628591
7315.849620580673 5.759742628590
7325.463011026382 5.759742628590
7334.905552148819 5.759742628591
7344.435803651810 5.759742628591
7354.056049585342 5.759742628590
7363.800131797791 5.759742628590
7373.237303972244 5.759742628590
7382.743557453156 5.759742628590
7392.298215627670 5.759742628591
7401.884715318680 5.759742628590
7411.547939777374 5.759742628590
7421.058072090149 5.759742628590
7430.623961687088 5.759742628590
7440.147259712219 5.759742628591
7449.852955102921 5.759742628590
7459.400259494781 5.759742628591
7469.062769889832 5.759742628590
7478.620824575424 5.759742628590
7488.133660316467 5.759742628590
7497.766540765762 5.759742628590
7507.462165117264 5.759742628590
7517.013865947723 5.759742628591
7526.426582336426 5.759742628590
7535.995662450790 5.759742628591
7545.578697681427 5.759742628591
7555.328179836273 5.759742628590
7564.955116748810 5.759742628590
7574.540581941605 5.759742628590
7584.227025985718 5.759742628590
7593.819852113724 5.759742628591
7603.231322288513 5.759742628591
7612.679941177368 5.759742628591
7622.170139074326 5.759742628590
7631.767481803894 5.759742628590
7641.305336952209 5.759742628590
7650.802579879761 5.759742628590
7660.238424062729 5.759742628590
7669.765757322311 5.759742628590
7679.491844892502 5.759742628591
7689.233966112137 5.759742628590
7699.001486301422 5.759742628590
7708.596039533615 5.759742628591
7718.370625972748 5.759742628591
7728.169914722443 5.759742628590
7737.602471828461 5.759742628591
7747.289085388184 5.759742628591
7756.919003486633 5.759742628590
7766.490694284439 5.759742628590
7775.974218606949 5.759742628590
7785.507294416428 5.759742628590
7795.040020704269 5.759742628590
7804.564980745316 5.759742628590
7813.973603010178 5.759742628590
7823.401533365250 5.759742628590
7832.999985933304 5.759742628590
7842.400235652924 5.759742628590
7851.837824344635 5.759742628591
7861.477115154266 5.759742628590
7871.027919292450 5.759742628590
7880.565424919128 5.759742628591
7890.154719352722 5.759742628591
7899.642175197601 5.759742628590
7909.181379795074 5.759742628590
7918.639644622803 5.759742628590
7928.107461929321 5.759742628590
7937.599314689636 5.759742628591
7947.067391157150 5.759742628590
7956.629615068436 5.759742628591
7966.156203985214 5.759742628591
7975.727348327637 5.759742628590
7985.299520730972 5.759742628591
7994.861480236053 5.759742628590
8004.320645809174 5.759742628590
8013.911246776581 5.759742628591
8023.373560190201 5.759742628590
8032.803292989731 5.759742628591
8042.254883289337 5.759742628590
8051.782232999802 5.759742628590
8061.421727895737 5.759742628591
8071.037006139755 5.759742628590
8080.605627059937 5.759742628590
8090.150288820267 5.759742628590
8099.842008352280 5.759742628590
8109.337469339371 5.759742628590
8118.806110382080 5.759742628590
8128.278338432312 5.759742628590
8137.978589773178 5.759742628591
8147.687979698181 5.759742628590
8157.476886987686 5.759742628591
8167.099611997604 5.759742628591
8176.760214328766 5.759742628590
8186.462016105652 5.759742628591
8196.166921138763 5.759742628590
8205.828824996948 5.759742628590
8215.357259988785 5.759742628590
8225.020111560822 5.759742628590
8234.655073881149 5.759742628591
8244.308957099915 5.759742628590
8254.008360624313 5.759742628590
8263.685977697372 5.759742628590
8273.221770763397 5.759742628590
8282.847224473953 5.759742628590
8292.411647081375 5.759742628591
8302.175966262817 5.759742628591
8311.837357759476 5.759742628590
8321.474194765091 5.759742628590
8331.053679943085 5.759742628590
8340.611416101456 5.759742628590
8350.086457014084 5.759742628590
8359.784574747086 5.759742628590
8369.423982858658 5.759742628591
8379.004085540771 5.759742628590
8388.543545961380 5.759742628590
8398.111033439636 5.759742628590
8407.729461193085 5.759742628590
8417.361046552658 5.759742628590
8427.074645280838 5.759742628590
8436.608225107193 5.759742628590
8446.154961585999 5.759742628591
8455.834306001663 5.759742628590
8465.730221271515 5.759742628590
8475.242274761200 5.759742628591
8484.736772060394 5.759742628590
8494.346576213837 5.759742628590
8503.937783002853 5.759742628590
8513.436414718628 5.759742628591
8522.982938289642 5.759742628591
8532.502995967865 5.759742628590
8541.954502820969 5.759742628590
8551.429779767990 5.759742628590
8561.031390428543 5.759742628590
8570.645007371902 5.759742628590
8580.227104425430 5.759742628590
8589.886662960052 5.759742628591
8599.534289598465 5.759742628590
8608.973905563354 5.759742628590
8618.377235412598 5.759742628590
8627.858071088791 5.759742628590
8637.443744182587 5.759742628590
8646.932554006577 5.759742628590
8656.556297540665 5.759742628590
8666.118550539017 5.759742628590
8675.774828672409 5.759742628590
8685.451692342758 5.759742628590
8695.065743446350 5.759742628590
8704.642208337784 5.759742628591
8714.166737794876 5.759742628590
8723.677205801010 5.759742628590
8733.145847082138 5.759742628590
8742.805024385452 5.759742628590
8752.435040473938 5.759742628591
8761.947544336319 5.759742628591
8771.627463817596 5.759742628590
8781.144318342209 5.759742628590
8790.949600458145 5.759742628590
8800.843125820160 5.759742628590
8810.627228498459 5.759742628590
8820.235565662384 5.759742628591
8829.760939359665 5.759742628590
8839.169215679169 5.759742628590
8848.719693422318 5.759742628590
8858.255412340164 5.759742628590
8867.867434978485 5.759742628590
8877.425564527512 5.759742628590
8887.020280599594 5.759742628590
8896.497049808502 5.759742628591
8905.943389892578 5.759742628591
8915.459870815277 5.759742628591
8925.019738674164 5.759742628591
8934.595374584198 5.759742628590
8944.176605701447 5.759742628591
8953.624817371368 5.759742628590
8963.081254720688 5.759742628590
8972.553261518478 5.759742628590
8982.253924608231 5.759742628590
8991.949877262115 5.759742628591
9001.721122980118 5.759742628590
9011.296466350555 5.759742628590
9020.863061904907 5.759742628591
9030.622367382050 5.759742628591
9040.231742858887 5.759742628591
9049.824969053268 5.759742628590
9059.307756185532 5.759742628590
9069.058997869492 5.759742628591
9078.728066444397 5.759742628590
9088.377708911896 5.759742628591
9098.102111816406 5.759742628590
9107.769119024277 5.759742628590
9117.228185176849 5.759742628590
9126.802332639694 5.759742628591
9136.441779851913 5.759742628590
9146.095080137253 5.759742628590
9155.532619953156 5.759742628591
9164.984734535217 5.759742628591
9174.443015098572 5.759742628590
9183.984603404999 5.759742628590
9193.467913150787 5.759742628590
9203.024311780930 5.759742628591
9212.676717758179 5.759742628590
9222.229323863983 5.759742628590
9231.825930118561 5.759742628590
9241.434195280075 5.759742628590
9251.245623350143 5.759742628590
9261.017515182495 5.759742628590
9270.611832618713 5.759742628590
9280.316596031189 5.759742628590
9289.948749780655 5.759742628590
9299.814137697220 5.759742628590
9309.372319936752 5.759742628590
9319.061906337738 5.759742628590
9328.718374013901 5.759742628590
9338.307099342346 5.759742628590
9348.018373489380 5.759742628590
9357.724014520645 5.759742628590
9367.513926982880 5.759742628591
9377.128905773163 5.759742628590
9386.815530300140 5.759742628590
9396.494483470917 5.759742628590
9406.096903324127 5.759742628591
9415.784138679504 5.759742628590
9425.343840360641 5.759742628590
9434.918644905090 5.759742628591
9444.455258369446 5.759742628590
9454.083039760590 5.759742628590
9463.898653268814 5.759742628591
9473.559324264526 5.759742628590
9483.185233354568 5.759742628591
9492.926762580872 5.759742628590
9502.661305189133 5.759742628591
9512.402284383774 5.759742628590
9521.980120658875 5.759742628590
9531.801012992859 5.759742628590
9541.438814163208 5.759742628590
9551.046042680740 5.759742628591
9560.598699808121 5.759742628590
9570.165951490402 5.759742628590
9579.781873703003 5.759742628591
9589.471791982651 5.759742628590
9599.100171804428 5.759742628590
9608.655917406082 5.759742628590
9618.072592020035 5.759742628590
9627.493323326111 5.759742628590
9636.996894121170 5.759742628590
9646.667908668518 5.759742628590
9656.275940656662 5.759742628591
9665.829284191132 5.759742628590
9675.332202672958 5.759742628590
9684.862472534180 5.759742628590
9694.309673070908 5.759742628591
9704.094479322433 5.759742628590
9713.684527158737 5.759742628591
9723.132226467133 5.759742628591
9732.666762351990 5.759742628591
9742.047545194626 5.759742628590
9751.461416721344 5.759742628590
9761.023249626160 5.759742628590
9770.647410869598 5.759742628590
9780.461953639984 5.759742628590
9790.062017679214 5.759742628590
9799.665261268616 5.759742628590
9809.414533376694 5.759742628591
9819.023640155792 5.759742628590
9828.597507476807 5.759742628591
9838.051859378815 5.759742628591
9847.540660381317 5.759742628590
9856.964275360107 5.759742628590
9866.488278388977 5.759742628590
9876.129182338715 5.759742628591
9885.798302888870 5.759742628590
9895.516818523407 5.759742628590
9905.171351909637 5.759742628590
9914.807050704956 5.759742628590
9924.390851259232 5.759742628590
9933.943762063980 5.759742628591
9943.601459503174 5.759742628590
9953.205598592758 5.759742628590
9962.671527624130 5.759742628590
9972.180784463882 5.759742628590
9981.699634313583 5.759742628590
9991.145666122437 5.759742628590
10000.868578195572 5.759742628590
10010.531560897827 5.759742628590
10020.042474031448 5.759742628590
10029.540146827698 5.759742628590
10039.138254165649 5.759742628590
10048.922342061996 5.759742628591
10058.538322448730 5.759742628590
10068.140961647034 5.759742628590
10077.981544494629 5.759742628590
10087.576034784317 5.759742628590
10097.093689203262 5.759742628590
10106.577934980392 5.759742628591
10116.119435310364 5.759742628591
10125.687316179276 5.759742628591
10135.162160396576 5.759742628591
10144.815896987915 5.759742628590
10154.628358602524 5.759742628590
10164.309494018555 5.759742628590
10173.978085041046 5.759742628591
10183.569169998169 5.759742628591
10193.241150617599 5.759742628591
10202.880226135254 5.759742628590
10212.497315645218 5.759742628590
10222.250666141510 5.759742628590
10231.823123455048 5.759742628591
10241.565942049026 5.759742628590
